47157003100
47157003200
47157003300
47157002400
47157002500
47157002600
47157002700
47157002800
47157002900
47157003000
47157000100
47157000200
47157000300
47157000400
47157000600
47157000700
47157000800
47157000900
47157001100
47157001200
47157001300
47157001400
47157001500
47157001600
47157001700
47157001900
47157002000
47157002100
47157003400
47157003500
47157003600
47157003700
47157003800
47157003900
47157004200
47157004300
47157004500
47157004600
47157005000
47157005300
47157005500
47157005600
47157005700
47157005800
47157005900
47157006000
47157006200
47157006300
47157006400
47157006500
47157006600
47157006700
47157006800
47157006900
47157007000
47157007100
47157007200
47157007300
47157007400
47157007500
47157007810
47157007821
47157007822
47157007900
47157008000
47157008110
47157008120
47157008200
47157008500
47157008600
47157008700
47157008800
47157008900
47157009100
47157009200
47157009300
47157009400
47157009500
47157009600
47157009700
47157009800
47157009901
47157009902
47157010000
47157010110
47157010120
47157010210
47157010220
47157010300
47157010500
47157010610
47157010620
47157010630
47157010710
47157010720
47157010810
47157010820
47157011010
47157011020
47157011100
47157011200
47157011300
47157011400
47157011500
47157011600
47157011700
47157011800
47157020511
47157020512
47157020521
47157020523
47157020524
47157020531
47157020532
47157020541
47157020542
47157020610
47157020621
47157020622
47157020644
47157020651
47157021010
47157021111
47157021112
47157021113
47157021121
47157021122
47157021125
47157021126
47157021135
47157021136
47157021137
47157021138
47157021139
47157021140
47157021141
47157021142
47157021200
47157021311
47157021312
47157021320
47157021331
47157021333
47157021334
47157021342
47157021710
47157021721
47157021724
47157021725
47157021726
47157021731
47157021732
47157021741
47157021744
47157021746
47157021747
47157021754
47157021900
47157022022
47157022023
47157022024
47157022111
47157022112
47157022121
47157022122
47157022130
47157022210
47157022220
47157022310
47157022321
47157022322
47157022330
47157022410
47157022500
47157022600
47157022700
47157980100
47157980400