2.250000000000000000e+01
2.750000000000000000e+01
2.260000000000000142e+01
4.400000000000000000e+01
3.639999999999999858e+01
2.350000000000000000e+01
3.629999999999999716e+01
4.120000000000000284e+01
2.219999999999999929e+01
3.080000000000000071e+01
2.019999999999999929e+01
4.520000000000000284e+01
4.839999999999999858e+01
4.860000000000000142e+01
4.710000000000000142e+01
4.250000000000000000e+01
4.779999999999999716e+01
4.729999999999999716e+01
3.950000000000000000e+01
3.310000000000000142e+01
4.429999999999999716e+01
4.270000000000000284e+01
4.320000000000000284e+01
2.010000000000000142e+01
3.250000000000000000e+01
4.810000000000000142e+01
4.379999999999999716e+01
4.400000000000000000e+01
2.919999999999999929e+01
2.550000000000000000e+01
3.750000000000000000e+01
3.910000000000000142e+01
3.450000000000000000e+01
4.760000000000000142e+01
2.580000000000000071e+01
2.310000000000000142e+01
4.720000000000000284e+01
4.250000000000000000e+01
4.860000000000000142e+01
4.579999999999999716e+01
4.670000000000000284e+01
4.300000000000000000e+01
4.389999999999999858e+01
4.750000000000000000e+01
4.510000000000000142e+01
4.460000000000000142e+01
4.329999999999999716e+01
2.789999999999999858e+01
4.079999999999999716e+01
4.260000000000000142e+01
3.050000000000000000e+01
4.800000000000000000e+01
4.939999999999999858e+01
4.610000000000000142e+01
3.900000000000000000e+01
2.760000000000000142e+01
2.130000000000000071e+01
2.530000000000000071e+01
2.419999999999999929e+01
4.339999999999999858e+01
4.279999999999999716e+01
4.460000000000000142e+01
4.410000000000000142e+01
4.479999999999999716e+01
3.729999999999999716e+01
4.420000000000000284e+01
4.470000000000000284e+01
4.470000000000000284e+01
2.039999999999999858e+01
2.410000000000000142e+01
2.960000000000000142e+01
3.610000000000000142e+01
3.870000000000000284e+01
3.360000000000000142e+01
2.139999999999999858e+01
2.769999999999999929e+01
2.489999999999999858e+01
2.200000000000000000e+01
2.089999999999999858e+01
3.470000000000000284e+01
3.130000000000000071e+01
4.129999999999999716e+01
4.489999999999999858e+01
4.270000000000000284e+01
4.600000000000000000e+01
4.110000000000000142e+01
4.400000000000000000e+01
4.050000000000000000e+01
4.389999999999999858e+01
4.229999999999999716e+01
4.060000000000000142e+01
4.239999999999999858e+01
4.150000000000000000e+01
3.650000000000000000e+01
4.120000000000000284e+01
4.020000000000000284e+01
3.689999999999999858e+01
3.939999999999999858e+01
4.160000000000000142e+01
4.560000000000000142e+01
4.920000000000000284e+01
4.100000000000000000e+01
4.520000000000000284e+01
4.660000000000000142e+01
4.679999999999999716e+01
4.529999999999999716e+01
3.439999999999999858e+01
3.789999999999999858e+01
4.079999999999999716e+01
4.220000000000000284e+01
4.270000000000000284e+01
4.029999999999999716e+01
3.500000000000000000e+01
3.489999999999999858e+01
3.570000000000000284e+01
3.800000000000000000e+01
3.229999999999999716e+01
3.450000000000000000e+01
2.760000000000000142e+01
2.930000000000000071e+01
3.370000000000000284e+01
2.769999999999999929e+01
3.110000000000000142e+01
2.989999999999999858e+01
2.850000000000000000e+01
2.789999999999999858e+01
2.969999999999999929e+01
2.450000000000000000e+01
2.289999999999999858e+01
2.680000000000000071e+01
2.539999999999999858e+01
2.569999999999999929e+01
2.450000000000000000e+01
1.559999999999999964e+01
2.460000000000000142e+01
2.650000000000000000e+01
2.419999999999999929e+01
3.650000000000000000e+01
2.169999999999999929e+01
2.260000000000000142e+01
2.300000000000000000e+01
2.589999999999999858e+01
3.010000000000000142e+01
3.229999999999999716e+01
2.889999999999999858e+01
3.889999999999999858e+01
4.250000000000000000e+01
3.689999999999999858e+01
3.800000000000000000e+01
3.439999999999999858e+01
4.220000000000000284e+01
3.979999999999999716e+01
3.929999999999999716e+01
3.450000000000000000e+01
3.660000000000000142e+01
3.689999999999999858e+01
3.589999999999999858e+01
4.239999999999999858e+01
4.479999999999999716e+01
4.020000000000000284e+01
3.950000000000000000e+01
4.129999999999999716e+01
4.229999999999999716e+01
3.770000000000000284e+01
3.920000000000000284e+01
4.050000000000000000e+01
4.350000000000000000e+01
4.179999999999999716e+01
4.520000000000000284e+01
4.420000000000000284e+01
4.150000000000000000e+01
4.300000000000000000e+01
3.979999999999999716e+01
4.060000000000000142e+01
4.160000000000000142e+01
4.510000000000000142e+01
4.329999999999999716e+01
3.239999999999999858e+01
