predict_all true_all
19.2018801868014 15.7
19.9993431223608 19.1
21.0357612235579 20.4
21.3822351957828 20
17.6378596701415 15.7
21.2273802980824 22.7
20.4995561606089 21.8
23.1755468739525 19.5
21.5921646705354 20.8
21.6811772719931 19.7
19.9363911425138 19.3
20.7854898896012 19.1
22.8461944611101 20.3
21.0680635102511 19.9
20.2403423833773 19.6
19.6535076292918 16.2
19.287449443042 16.9
20.2975600661198 21
21.0309215283093 18.8
20.0579322221787 19.4
19.7512551290792 19.6
22.2705536012796 17.8
19.3725181358047 17.8
18.3558533608721 19.8
19.1313916013466 17.1
21.1379159567297 19
18.9431307493357 19.3
19.7183652528711 18.2
24.3297851579141 25.4
25.5775847967482 20.7
21.9275444201693 20.8
23.3620611980479 21.5
22.3868891128187 23.2
21.4525609261812 21.7
20.8071055904172 20.3
22.2655553926405 24.3
19.6718971838187 21.6
22.0869596138423 23.4
21.9028074426004 25.4
21.2158297168245 21.8
24.6500028662729 24.1
23.4372179094507 22.2
23.2506431422949 23.3
22.5012763085947 21
23.9508141919413 21.5
23.6677845896636 21.2
24.7745672130001 23.2
23.1898480751391 21.8
21.3316509049898 21.9
21.4338296461547 21.2
20.8856784735654 20.5
20.6002026729963 19.9
21.2518680492361 20.1
21.9604187669591 20
21.5184156584194 21
22.2821319025833 20.2
21.123112507117 21.2
22.2688797706566 21.6
21.2710174935318 21.8
23.6620093599052 21.8
23.9018668080344 21.7
21.5377471067345 21.5
21.2994937300565 20.8
20.5636480195983 21.5
22.5566093261397 19.3
21.0082760680905 20.9
20.1295064163862 19.8
22.3809357081193 21.7
20.2109829978483 20.1
21.4673658190673 20.5
20.2355891014497 19.7
20.4139569267011 20.3
19.3778610198857 20.3
21.6093841640778 21.3
21.6036762702155 20.7
22.3521140468444 20.6
21.6824789298481 20.7
21.5857133765166 18.9
22.0909781978407 19.9
19.5840065152659 20
21.2332771320586 19.8
20.0582877940485 19.3
19.7546231927925 15.2
20.6360463876785 19.4
21.4886817404541 20.5
21.2550807784499 20.6
22.9631744393115 21.4
22.0376488483998 20.7
20.5931035540678 19.6
21.7901636094127 19.7
20.6387406871675 18.9
20.2089787519328 20.2
23.3449800461553 19.5
19.9724006272409 20.4
18.8702459625053 19.6
22.2581662465003 19.6
21.4843621176722 19.3
21.7971305320935 20.5
21.5576241450479 21
21.9839213644184 19.6
23.2833728866277 21.3
22.8051586781143 20.4
23.1963960048437 23
19.9360948525704 19.8
21.7423909783456 23.2
21.6673073266814 22.3
20.8903045483176 22.1
21.6045393527824 23.4
20.4022863372183 22.4
21.3490331176115 23.1
22.7307548456106 20.8
24.6739914876901 27
25.280229439048 26.6
21.3491635607218 19.5
22.3927756559512 21.5
22.4097420286103 20.9
25.0047072294886 30.3
20.5904612330627 20.3
22.9882592513352 26
23.2718226094287 25.5
21.3786138990767 24.3
21.8468753459606 23.2
22.8632203163647 21.6
27.9283158467324 30
24.7493225911202 25.4
21.9494156103324 22.7
24.101971856171 23.9
21.6657659189616 22.6
22.3114000995159 22.1
23.6371473250328 22
22.3256864242764 22.4
24.4688883224951 22.6
23.6924403117303 23.6
23.5611805124921 20.5
24.9198766244949 25.2
23.1727256598899 22.4
26.3677481922748 28
23.0493553711343 19.4
24.5909917175948 18.5
21.6353271430008 22.8
22.6839852608271 23.2
27.1492967160701 29.7
27.5870397483131 30.8
25.7044534499299 24.6
24.7277045897952 25.9
25.1022831709817 27
23.5760392079538 22.6
24.7442324670357 24.4
23.5907921894108 24.5
27.3826397317899 29.3
22.8560118189219 23.6
26.6128120370575 25.4
24.7037251993832 26.5
24.2992289906728 23.1
21.9972569103055 22.3
25.2366256777193 22.6
25.7944502598329 31.2
24.173827959937 25.6
24.6793488652783 23.7
21.5296604782464 22.1
26.3368852110294 25.6
26.0323528664212 27.7
24.2152918421723 26.6
24.166783878358 25.3
24.4323848385381 26
28.909001924806 27.4
26.161397447052 25.8
27.1400767496184 24.6
30.0031021067667 27
26.7772892780342 28.7
31.2969404484658 31.3
25.5651664372228 28.2
28.421933678772 28
28.7445469080253 26.6
29.2912635774041 30
28.7301351687493 28.2
29.3337770042542 30.5
34.8175924380124 34.8
35.954860706858 40.9
27.8705575569513 31
29.9438842813048 33.5
31.6550791633628 30.8
33.2180859724293 34.1
34.0259670012598 37.1
30.8591325402326 35
32.3074332427973 33.2
31.3334306855349 33.8
28.8840817743585 32
28.8126925758576 32.7
28.7850425607485 32.3
29.9701270952321 32.9
31.5694229595143 29.9
31.7372643068138 31.4
29.9337992395776 31.6
29.2174662232181 30.6
31.3167828027468 31.6
30.0015068645966 34
28.63529760611 32.7
31.4403840122468 32.4
28.0366840550452 28.1
28.3296207650544 31.6
29.1414568502866 32.1
30.753300021915 34.9
24.6885724934256 25.3
27.8921796647163 27.3
27.9526413731964 30.5
23.4319441762125 26.4
31.2111233239407 33
27.1386495733363 28.8
30.690030287303 35
31.8228212781071 35.4
25.54593928232 26.9
23.2658213399594 25.6
