predict_all true_all
21.4869139780834 15.7
22.9069230076227 19.1
23.0911527707258 20.4
23.2397859746877 20
24.5362108485232 15.7
24.3065458161872 22.7
25.0994882626526 21.8
22.8543759125534 19.5
23.0911527707258 20.8
23.6856855865733 19.7
23.2244904269023 19.3
25.9395693196541 19.1
23.041764801165 20.3
22.6566389526513 19.9
24.4459903210816 19.6
23.0911527707258 16.2
22.8802220562399 16.9
23.0911527707258 21
22.9331212424152 18.8
24.3167944164434 19.4
22.7800331598904 19.6
23.4708871785501 17.8
24.59268216757 17.8
23.2397859746877 19.8
23.0911527707258 17.1
24.3644048958532 19
22.7224757607482 19.3
22.7035753300063 18.2
24.6281995841349 25.4
23.5447049519964 20.7
23.0360529887376 20.8
23.1981811277927 21.5
22.1225956865552 23.2
24.3102590031444 21.7
22.8826173172219 20.3
23.3874228827646 24.3
24.2345441165494 21.6
22.4300546657839 23.4
25.6044395610908 25.4
24.3038868697514 21.8
24.1737486003437 24.1
23.1843133912861 22.2
23.4491531702034 23.3
23.0972141713064 21
26.0518079234291 21.5
22.0883868880331 21.2
23.7324320910135 23.2
23.964292713545 21.8
22.7930947274081 21.9
24.6896212840585 21.2
23.04533044906 20.5
23.2397859746877 19.9
22.9344149963073 20.1
22.7472882948922 20
23.5058117473861 21
23.2397859746877 20.2
24.9375450074647 21.2
23.0939979498217 21.6
23.5236694314164 21.8
22.7191658998545 21.8
22.0157606393875 21.7
23.103275571887 21.5
23.2291865634092 20.8
25.8760726865268 21.5
21.0249911215794 19.3
22.070588460545 20.9
25.7619337440801 19.8
22.973751889088 21.7
23.0911527707258 20.1
23.2397859746877 20.5
22.7755038288578 19.7
22.6357608277644 20.3
22.871370468196 20.3
25.1829464577409 21.3
23.8720319981128 20.7
22.5433352579742 20.6
23.498594252591 20.7
21.9847200681154 18.9
24.198821462972 19.9
22.7842863323536 20
23.0166328792008 19.8
23.3183806517915 19.3
23.0911527707258 15.2
22.4706716849319 19.4
22.7710633580911 20.5
23.4954475357164 20.6
22.4416521914206 21.4
23.5563222208021 20.7
24.7372293896278 19.6
23.4762786192395 19.7
22.8503576818489 18.9
23.1490118503918 20.2
21.9633754799487 19.5
23.0003786464299 20.4
22.9082167615148 19.6
23.0101209423517 19.6
22.8203808825119 19.3
21.0078976154681 20.5
23.0155607939484 21
23.5328439450133 19.6
23.0911527707258 21.3
22.7342331912251 20.4
21.6516491250563 23
22.254914637818 19.8
25.0842971531996 23.2
22.3524540287904 22.3
24.8698893370445 22.1
22.1750487748974 23.4
22.7888795238742 22.4
23.1984569946343 23.1
24.5940699281892 20.8
23.0003786464299 27
22.4158438637744 26.6
23.4762786192395 19.5
23.0911527707258 21.5
23.3855044949436 20.9
23.2397859746877 30.3
23.0101209423517 20.3
23.0911527707258 26
23.1597468909338 25.5
24.6405460133847 24.3
23.1537794970803 23.2
24.1400657458469 21.6
23.0911527707258 30
23.1558869175051 25.4
23.4001924135175 22.7
23.1128468550934 23.9
23.1839749041472 22.6
22.9674636017999 22.1
22.8765559166413 22
24.4780554275972 22.4
23.1206628166083 22.6
24.5362108485232 23.6
24.0637075574342 20.5
24.7471545275674 25.2
23.2976450543536 22.4
22.5062737545215 28
23.3944805792301 19.4
22.8503576818489 18.5
23.9446646144335 22.8
24.071146463024 23.2
24.5097122014515 29.7
26.0277450115162 30.8
23.0911527707258 24.6
23.1297226368482 25.9
23.3524389320568 27
23.8155124654971 22.6
24.5362108485232 24.4
22.9989908858107 24.5
24.0708516748866 29.3
23.0911527707258 23.6
24.5200602073643 25.4
25.8767968326915 26.5
22.7414729417856 23.1
23.0087331817325 22.3
23.8430330327683 22.6
26.6506894727087 31.2
23.3884191786495 25.6
24.2442953530217 23.7
23.5218363441664 22.1
25.3966433926905 25.6
23.2206083785455 27.7
23.0911527707258 26.6
24.1616257991825 25.3
27.6573660377217 26
22.863661863481 27.4
22.9237326548671 25.8
24.633187199182 24.6
25.220712380309 27
25.556324437299 28.7
24.8583913222322 31.3
23.0251891206032 28.2
27.4522280521684 28
25.8883942721899 26.6
24.1919119411805 30
25.2711658267171 28.2
24.010037671715 30.5
24.7222317821168 34.8
31.5682394204111 40.9
23.1477180964997 31
28.3990683807558 33.5
23.4762786192395 30.8
23.0911527707258 34.1
23.2608078541471 37.1
33.0664000207916 35
26.066769986814 33.2
26.8834099089949 33.8
25.7668946681219 32
24.4649536076868 32.7
24.5437896056771 32.3
23.3052094848595 32.9
23.7652619031287 29.9
23.0911527707258 31.4
23.1981811277927 31.6
24.3978328046759 30.6
28.0042472035553 31.6
23.8410954320364 34
27.1807904159117 32.7
24.604488717459 32.4
26.8569175089329 28.1
25.4652574574096 31.6
26.1137514891236 32.1
26.0260413256044 34.9
25.5293652355629 25.3
23.41434971977 27.3
23.440981900406 30.5
23.3884191786495 26.4
28.8863637723985 33
23.4954475357164 28.8
27.426327004118 35
30.6410714550231 35.4
23.8981982244614 26.9
23.6877443831365 25.6
