53033022801
53033022901
53033023000
53033023100
53033023201
53033023202
53033023300
53033023401
53033023403
53033023500
53033023601
53033023603
53033023604
53033023700
53033023801
53033023803
53033023804
53033023900
53033024000
53033024701
53033024702
53033024800
53033024901
53033024902
53033024903
53033025001
53033025003
53033025006
53033000401
53033000402
53033000500
53033000600
53033000700
53033000800
53033000900
53033001000
53033001100
53033001200
53033000100
53033000200
53033000300
53033001300
53033001400
53033001500
53033001600
53033001701
53033001702
53033001800
53033001900
53033002000
53033002100
53033002200
53033002400
53033002500
53033002600
53033002700
53033002800
53033002900
53033003000
53033003100
53033003200
53033003300
53033003400
53033003500
53033003600
53033003800
53033003900
53033004000
53033004100
53033004200
53033004301
53033004302
53033004400
53033004500
53033004600
53033004700
53033004800
53033004900
53033005000
53033005100
53033005200
53033005301
53033005302
53033005400
53033005600
53033005700
53033005801
53033005802
53033005900
53033006000
53033006100
53033006200
53033006300
53033006400
53033006500
53033006600
53033006700
53033006800
53033006900
53033007000
53033007100
53033007200
53033007300
53033007401
53033007402
53033007500
53033007600
53033007700
53033007800
53033007900
53033008001
53033008002
53033008100
53033008200
53033008300
53033008400
53033008500
53033008600
53033008700
53033008800
53033008900
53033009000
53033009100
53033009200
53033009300
53033009400
53033009500
53033009600
53033009701
53033009702
53033009800
53033009900
53033010001
53033010002
53033010100
53033010200
53033010300
53033010401
53033010402
53033010500
53033010600
53033010701
53033010702
53033010800
53033010900
53033011001
53033011002
53033011101
53033011102
53033011200
53033011300
53033011401
53033011402
53033011500
53033011600
53033011700
53033011800
53033011900
53033012000
53033012100
53033026001
53033026500
53053060600
53053060200
53053060300
53053060400
53053060500
53053060700
53053060800
53053060903
53053060904
53053060905
53053060906
53053061001
53053061002
53053061100
53053061200
53053061300
53053061400
53053061500
53053061601
53053061602
53053061700
53053061800
53053061900
53053062000
53053062300
53053062400
53053062500
53053062600
53053062801
53053062802
53053062900
53053063000
53053063100
53053063200
53053063300
53053063400
53053063501
53053063502
53053071601
53053071703
53053071705
53053072309
53053072310
53053072312
53053940001
53053940002
53053940005
53053940006
53053940007
53053940008
53053940011