39 0 4 1 0 1 1 0 9 0 1 3 0 0 0 0 1 0 17 0 7 0 0 1 0 1 0 0 0 0 0 0 1 0 0 0 0 0 0 0 0 0 0 0 0 0 0 0 0 0 0 0 0 0 3 0 0 0 0 1 0 0 0 0 0 0 0 0 0 1 0 0 0 0 0 0 0 0 0 0 0 0 0 0 0 0 0 0 0 0 0 0 0 0 0 0 0 0 0 0 0
19 0 0 2 3 0 0 0 0 0 1 0 0 0 0 0 0 0 16 0 4 4 0 0 0 0 0 0 0 0 0 0 0 0 0 0 0 0 0 0 0 0 0 1 0 0 0 0 0 0 0 0 0 0 0 0 0 0 0 1 0 0 0 0 0 0 0 0 0 0 0 0 0 0 0 0 0 0 0 0 0 0 0 0 0 0 0 0 0 0 0 0 0 0 0 0 0 0 0 0 0
2 0 0 2 0 0 0 0 0 0 0 0 0 0 0 0 0 0 0 0 0 0 0 0 0 0 0 0 0 0 0 0 0 0 0 0 0 0 0 0 0 0 0 0 0 0 0 0 0 0 0 0 0 0 0 0 0 0 0 0 0 0 0 0 0 0 0 0 0 0 0 0 0 0 0 0 0 0 0 0 0 0 0 0 0 0 0 0 0 0 0 0 0 0 0 0 0 0 0 0 0
6 0 0 0 0 0 0 0 0 0 0 0 0 0 0 0 1 0 0 0 0 0 0 1 0 0 0 0 0 0 0 0 1 0 0 0 0 0 0 0 0 0 0 0 0 0 0 0 1 0 0 0 0 0 0 0 0 0 0 0 0 0 0 0 0 0 0 0 0 0 0 0 0 0 0 0 0 0 0 0 0 0 0 0 0 0 0 0 0 0 0 0 0 0 0 0 0 0 0 0 0
6 0 2 0 1 0 0 2 0 0 0 0 0 0 0 0 0 0 0 0 0 0 0 0 0 0 0 0 0 0 0 0 0 0 0 2 0 0 0 0 0 0 0 0 0 1 0 0 0 0 0 0 0 0 0 0 0 0 0 0 0 0 0 0 0 0 0 0 0 0 0 0 0 0 0 0 0 0 0 0 0 0 0 0 0 0 0 0 0 0 0 0 0 0 0 0 0 0 0 0 0
53 1 0 1 22 0 0 7 0 0 0 0 1 4 0 0 1 1 5 1 1 2 0 0 0 3 0 1 0 4 0 0 0 0 0 11 2 0 0 0 0 0 3 0 0 1 0 1 0 1 0 0 0 0 0 0 0 0 1 0 0 1 1 0 0 0 0 0 0 0 0 0 0 0 0 0 0 0 0 0 0 0 0 0 0 0 0 0 0 0 0 0 0 0 0 0 0 0 0 0 0
49 0 1 4 5 0 1 0 0 0 0 0 0 5 0 0 0 0 13 0 2 1 1 0 0 3 0 1 0 2 0 0 0 0 0 1 0 0 0 0 0 0 0 0 0 2 0 0 4 1 0 0 0 0 1 0 0 0 0 1 0 0 0 1 0 0 0 0 0 0 0 0 0 1 1 0 0 0 0 0 0 0 0 0 0 0 0 0 0 0 0 0 0 0 0 0 0 0 0 0 0
29 0 1 1 4 2 1 1 0 0 1 3 0 0 0 0 0 0 3 0 1 0 0 2 0 2 0 0 0 0 0 0 2 0 0 2 0 0 0 0 0 2 0 0 0 0 0 1 1 1 0 0 0 0 0 0 0 0 0 1 0 0 0 0 0 0 0 0 0 0 0 0 0 0 0 0 0 0 0 0 0 0 0 0 0 0 0 0 0 0 0 0 0 0 0 0 0 0 0 0 0
9 0 0 1 0 0 0 0 0 0 2 2 1 1 0 0 0 0 0 0 0 0 0 0 0 1 0 0 0 0 0 0 0 0 0 0 0 0 0 0 0 0 0 0 0 0 0 0 0 0 0 0 0 0 0 0 0 0 0 0 0 0 0 0 0 0 0 0 0 0 0 0 0 0 0 0 0 0 0 0 0 0 0 0 0 0 0 0 0 0 0 0 0 0 0 0 0 0 0 0 0
12 0 0 1 0 0 0 0 0 0 0 0 0 0 0 0 0 1 1 0 0 0 0 4 0 0 0 0 0 0 0 0 4 0 0 0 0 0 0 0 0 0 0 0 0 0 0 0 0 0 0 0 0 0 0 0 0 0 0 0 0 0 0 0 0 0 0 0 0 0 0 0 0 0 0 0 0 0 0 0 0 0 0 0 0 0 0 0 0 0 0 0 0 0 0 0 0 0 0 0 0
30 0 0 1 7 3 0 0 0 0 1 3 1 1 0 0 1 0 5 1 4 0 0 0 1 2 0 0 0 2 0 0 0 1 0 2 1 0 0 0 0 4 0 0 0 0 0 0 1 1 0 0 0 0 0 0 0 0 0 0 0 0 0 0 0 0 0 0 0 0 0 1 0 0 1 1 0 0 0 0 0 0 0 0 0 0 0 0 0 0 0 0 0 0 0 0 0 0 0 0 0
35 0 0 4 5 0 1 0 0 0 3 0 1 0 2 0 0 0 13 0 1 1 0 1 0 3 1 0 0 0 0 0 1 0 0 4 0 0 0 0 0 0 1 1 0 0 0 0 0 0 0 0 0 0 0 0 0 0 0 0 0 0 0 0 0 0 0 0 0 1 0 0 0 0 0 0 0 0 0 0 0 0 0 0 0 0 0 0 0 0 0 0 0 0 0 0 0 0 0 0 0
18 0 2 3 2 0 0 2 0 0 0 0 0 0 0 0 1 0 1 0 0 0 1 0 0 0 0 1 0 0 0 0 0 1 0 3 0 0 1 0 0 0 0 0 0 0 0 0 0 0 0 0 1 0 1 0 0 0 0 0 0 0 0 0 0 0 0 0 0 0 1 0 0 0 0 0 0 0 0 0 1 0 0 0 0 0 0 0 0 0 0 0 0 0 0 0 0 0 0 0 0
36 0 0 0 5 0 0 0 0 0 0 0 0 0 0 0 0 0 25 0 23 1 0 1 0 0 0 4 0 0 0 0 0 0 0 4 0 0 0 0 0 0 0 0 0 0 0 0 0 0 0 1 0 0 1 0 0 0 0 0 4 0 0 0 0 0 0 0 0 0 0 0 0 0 0 0 0 0 0 0 0 0 0 0 0 0 0 0 0 0 0 0 0 0 0 0 0 0 0 0 1
50 0 1 1 5 0 3 2 0 0 2 4 0 0 0 0 0 0 8 0 4 0 1 1 1 4 0 0 0 1 2 0 1 0 0 2 1 0 0 1 0 1 1 0 0 1 3 0 1 0 0 1 0 0 1 0 1 1 0 0 0 0 0 0 1 2 0 0 0 0 0 0 0 0 0 0 0 0 0 0 0 0 0 0 0 0 0 0 0 0 0 0 0 0 0 0 0 0 0 0 0
15 0 2 0 2 0 0 3 0 0 1 3 0 0 0 0 0 0 0 0 0 0 0 0 1 1 0 0 0 2 0 1 0 0 0 3 0 0 0 0 0 0 1 0 0 0 0 0 0 0 0 0 0 0 0 0 0 2 0 0 0 0 0 0 0 0 0 0 0 0 0 0 0 1 0 0 0 0 0 0 0 0 0 0 0 0 0 0 0 0 0 0 0 0 0 0 0 0 0 0 0
45 0 0 0 19 0 1 9 0 4 0 2 1 0 0 0 1 0 4 1 0 0 0 0 2 1 0 0 0 2 0 0 0 1 0 10 2 0 0 0 0 0 8 0 0 1 0 1 0 3 0 3 0 0 2 0 0 5 0 2 0 1 0 0 0 0 0 0 0 0 0 0 0 0 0 0 1 0 0 0 0 0 0 0 0 0 0 0 0 0 0 0 0 0 0 0 0 0 0 0 0
0 0 0 0 0 0 0 0 0 0 0 0 0 0 0 0 0 0 0 0 0 0 0 0 0 0 0 0 0 0 0 0 0 0 0 0 0 0 0 0 0 0 0 0 0 0 0 0 0 0 0 0 0 0 0 0 0 0 0 0 0 0 0 0 0 0 0 0 0 0 0 0 0 0 0 0 0 0 0 0 0 0 0 0 0 0 0 0 0 0 0 0 0 0 0 0 0 0 0 0 0
9 0 0 0 1 0 1 0 0 0 0 1 0 0 0 0 0 0 8 0 6 1 0 0 0 0 0 0 0 0 0 0 0 0 0 0 0 0 0 0 0 0 0 1 0 0 0 0 0 0 0 0 0 0 0 0 0 0 0 0 0 0 0 0 0 0 0 0 0 0 0 0 0 0 0 0 0 0 0 0 0 0 0 0 0 0 0 0 0 0 0 0 0 0 0 0 0 0 0 0 0
8 0 0 3 0 0 0 1 0 0 0 0 0 0 0 0 0 0 2 0 0 1 0 1 0 0 0 0 0 0 0 0 1 0 0 1 0 0 0 0 0 0 0 0 0 1 0 0 0 0 0 0 0 0 0 0 0 0 0 1 0 0 0 0 0 1 0 0 0 0 0 0 0 0 0 0 0 0 0 0 0 0 0 0 0 0 0 0 0 0 0 0 0 0 0 0 0 0 0 0 0
22 0 1 1 5 0 0 0 0 0 0 1 0 1 0 0 3 0 3 0 0 0 0 0 0 0 0 0 0 0 0 0 0 1 0 1 0 0 2 1 0 0 0 0 0 0 0 1 1 0 0 0 0 0 1 0 0 0 0 0 0 0 0 0 0 0 0 0 0 0 0 0 0 0 0 0 0 0 0 0 0 1 0 0 0 1 0 0 0 0 0 0 0 0 0 0 0 0 0 0 0
33 0 0 1 10 0 0 3 0 2 1 3 0 0 1 0 1 0 9 0 4 1 0 1 1 1 0 2 0 2 0 0 1 1 0 7 2 0 0 0 0 1 4 2 0 0 0 0 1 1 1 1 1 0 2 0 0 0 1 0 0 4 0 0 0 0 0 0 0 0 0 0 0 1 0 0 0 0 0 0 0 0 0 0 0 0 0 0 0 0 0 0 1 0 0 1 0 0 0 0 0
10 0 0 4 0 0 0 0 0 0 0 0 0 0 0 0 0 0 3 0 1 0 0 2 0 0 0 0 0 0 0 0 2 0 0 0 0 0 0 0 0 0 0 0 0 1 0 0 0 0 0 0 0 0 0 0 0 0 0 1 0 0 0 0 0 0 0 0 0 0 0 0 0 0 0 0 0 0 0 0 0 0 0 0 0 0 0 0 0 0 0 0 0 0 0 0 0 0 0 0 0
8 0 1 2 0 0 0 0 0 0 0 0 0 0 0 0 0 0 1 0 1 0 0 1 0 1 0 0 0 0 0 0 1 0 0 0 0 0 0 0 0 0 0 0 0 0 0 0 1 0 0 0 0 0 0 0 0 0 0 0 0 0 0 0 0 0 0 0 0 0 0 0 0 0 0 0 0 0 0 0 0 0 0 0 0 0 0 0 0 0 0 0 0 0 0 0 0 0 0 0 0
17 0 0 1 1 0 0 0 0 0 0 0 0 1 0 0 0 0 2 0 1 0 0 0 0 1 0 0 0 0 0 0 0 0 1 0 1 0 0 0 0 0 0 0 0 0 0 0 4 0 0 0 0 0 0 0 0 0 0 0 0 0 0 0 0 0 0 0 0 0 0 0 0 0 0 0 0 0 0 0 0 0 0 0 0 0 0 0 0 0 0 0 0 0 0 0 0 0 0 0 0
18 1 2 0 6 0 0 2 0 0 0 0 0 0 0 0 0 0 4 0 2 3 0 1 0 1 0 1 0 0 0 0 1 0 0 5 0 0 0 0 0 0 0 0 0 1 0 2 0 0 0 0 0 0 0 0 0 0 0 0 0 0 0 0 0 0 0 0 0 0 0 0 0 0 0 0 0 0 0 0 0 0 0 0 0 1 0 0 0 0 0 0 0 0 0 0 0 0 0 0 0
33 0 1 2 6 0 1 1 0 0 0 0 2 1 0 0 1 0 4 1 0 1 0 1 0 4 0 0 0 0 0 0 1 1 0 2 0 0 1 0 0 0 0 1 2 0 1 1 2 0 0 0 0 0 1 0 0 1 0 0 0 0 0 0 0 1 0 0 0 0 0 0 0 0 0 0 0 0 0 0 0 0 0 0 0 0 0 0 0 0 0 0 0 0 0 0 0 0 0 0 0
15 0 0 1 0 0 1 0 0 0 0 0 0 1 0 0 0 0 0 0 0 0 0 0 0 0 0 0 0 0 0 0 0 0 0 0 0 0 0 0 0 0 0 0 0 0 0 0 1 0 0 0 0 0 0 0 0 0 0 0 0 0 0 0 0 1 0 0 0 0 0 0 0 0 0 0 0 0 0 0 0 0 0 0 0 0 0 0 0 0 0 0 0 0 0 0 0 0 0 1 0
42 0 0 1 11 5 0 3 0 1 0 1 1 1 0 0 1 0 4 1 0 0 0 0 2 3 0 2 0 3 0 0 0 1 0 7 1 0 0 0 0 2 1 0 0 1 0 1 0 0 1 0 1 0 0 0 0 0 0 1 0 1 1 0 0 0 0 0 0 0 0 0 0 0 1 0 0 0 0 0 0 0 0 0 0 0 0 0 0 0 0 0 0 0 0 0 0 0 0 0 0
30 1 1 1 10 7 0 4 0 0 0 0 0 1 0 0 0 0 4 0 0 0 0 1 2 0 0 0 0 2 0 0 1 0 0 6 1 0 0 0 0 1 0 0 0 0 0 1 1 0 1 0 1 0 0 0 0 1 0 0 0 0 0 0 0 0 0 0 0 0 1 0 0 1 0 1 0 0 0 0 1 0 0 0 0 0 0 0 0 0 0 0 0 0 0 0 0 0 0 0 0
25 0 0 1 2 0 1 0 0 0 0 0 0 3 0 0 0 0 3 0 0 0 0 0 0 2 0 0 0 1 0 0 0 0 0 2 0 0 0 0 0 0 0 0 0 0 1 0 2 0 0 0 0 0 0 0 0 0 0 1 0 0 0 0 0 0 0 0 0 0 0 0 0 0 0 1 0 0 0 0 0 0 0 0 0 0 0 0 0 0 0 0 0 0 0 0 0 0 0 0 0
8 0 0 1 1 0 0 0 0 0 0 1 0 0 0 0 0 0 5 0 4 0 0 0 1 0 0 0 0 1 0 0 0 0 0 0 0 0 0 0 0 0 0 0 0 0 0 0 0 0 0 0 0 0 0 0 0 0 0 0 0 0 0 0 0 0 0 0 0 0 0 0 0 0 0 1 0 0 0 0 0 0 0 0 0 0 0 0 0 0 0 0 0 0 0 0 0 0 0 0 0
29 0 0 1 9 2 1 5 2 0 0 0 1 0 0 0 1 0 9 1 2 0 0 0 0 2 0 1 0 0 0 0 0 1 0 7 0 0 0 0 0 3 1 0 2 0 0 1 0 0 0 0 0 0 1 0 0 0 0 1 0 0 0 0 0 0 0 0 0 0 0 0 0 0 0 0 0 0 0 0 0 0 0 0 0 0 0 0 0 0 1 0 0 0 0 0 0 0 0 0 0
29 0 0 2 1 0 0 0 1 0 0 0 0 2 0 0 0 0 10 0 0 0 0 1 0 1 0 0 0 0 0 0 1 0 0 0 0 0 0 0 1 0 0 0 0 0 0 0 1 0 0 0 0 0 0 0 0 0 0 0 0 0 0 0 0 0 0 0 0 0 0 0 0 0 0 0 0 0 0 1 0 0 0 0 0 0 0 0 0 0 0 0 0 0 0 0 0 0 0 0 0
22 0 1 0 2 1 1 0 0 0 0 0 0 1 0 0 0 0 7 0 2 0 0 0 0 2 0 0 0 1 0 0 0 0 0 0 0 0 0 0 0 0 0 0 0 0 0 0 1 0 0 0 0 0 0 0 0 0 0 0 0 0 0 0 0 0 0 0 0 0 0 0 0 0 0 0 0 0 0 0 0 0 0 0 0 0 0 0 0 0 0 0 0 0 0 0 0 0 0 0 0
56 0 0 4 10 0 1 3 0 0 6 0 0 4 0 0 0 0 9 0 4 0 0 0 1 2 0 0 0 4 0 0 0 0 0 4 0 1 0 0 0 1 0 0 0 0 0 1 8 0 1 0 1 0 0 0 0 0 0 0 1 0 0 0 0 0 0 0 0 0 0 0 0 0 0 0 0 0 0 0 0 0 0 0 0 1 0 0 0 0 0 0 0 0 0 0 0 0 0 0 0
31 0 1 0 6 0 0 0 0 0 0 0 0 2 0 0 1 0 6 0 1 1 0 0 0 2 0 0 0 0 0 0 0 2 0 0 0 0 0 1 1 2 0 0 0 0 1 0 2 0 0 0 0 2 1 1 1 0 0 0 0 0 0 0 1 0 0 0 0 0 0 0 0 0 0 0 0 0 0 0 0 0 0 0 0 0 0 0 0 0 0 0 0 0 0 0 0 0 0 0 0
55 1 1 1 30 0 0 5 0 8 0 1 1 0 0 0 5 0 10 1 1 2 1 0 4 4 0 1 0 6 0 0 0 6 0 6 5 0 0 0 0 0 15 0 0 0 1 1 0 1 1 7 1 0 2 0 0 1 0 1 0 5 0 0 0 0 0 0 0 0 0 0 0 0 0 0 0 0 0 0 0 0 0 0 0 0 0 0 0 0 0 0 0 0 0 0 0 0 0 0 0
46 0 1 1 16 3 1 5 0 0 0 0 0 1 1 0 0 0 4 0 0 0 0 0 1 1 0 1 0 3 0 1 0 0 0 9 1 1 1 1 0 4 3 1 0 0 1 0 0 0 0 0 1 0 0 0 0 2 0 0 0 0 0 0 0 0 0 0 0 0 0 1 0 0 1 1 1 0 0 0 0 0 0 0 0 0 0 0 0 0 0 0 0 0 0 0 0 0 0 0 0
26 0 0 3 3 0 0 2 0 0 0 0 0 0 0 0 1 1 6 0 0 0 0 1 1 0 0 2 0 1 0 0 1 1 0 5 0 0 0 0 0 0 0 0 0 1 0 1 1 0 1 0 1 0 1 0 0 0 0 1 0 0 0 1 0 0 0 0 0 1 0 0 0 1 0 0 0 0 0 0 0 0 0 0 0 0 0 0 0 0 0 0 0 0 0 0 0 0 0 0 0
15 0 0 1 7 2 0 1 0 0 0 1 0 0 0 0 1 0 4 0 0 2 0 0 0 0 0 0 1 2 0 0 0 0 0 2 1 0 0 0 1 1 0 0 0 0 0 0 0 0 0 0 0 0 0 0 0 0 0 0 0 0 0 0 0 0 0 0 0 0 0 0 0 0 0 0 0 0 0 0 0 0 0 0 0 0 0 0 0 0 0 0 0 0 0 0 0 0 0 0 0
42 0 0 0 11 4 2 3 0 0 4 2 0 2 0 0 1 0 8 0 1 0 0 0 2 2 0 1 0 3 0 1 0 1 0 6 1 0 0 0 1 0 0 0 1 0 0 1 0 0 0 0 0 0 0 0 0 0 1 2 0 0 0 0 0 0 0 0 0 0 0 0 0 0 0 0 0 0 0 0 0 0 0 0 0 0 0 0 0 0 0 0 0 0 0 0 0 0 0 0 0
29 0 0 2 9 0 0 3 0 0 0 0 1 0 0 0 1 0 4 0 0 0 0 2 1 4 0 1 0 1 0 1 2 0 0 6 0 0 0 0 0 0 1 1 0 0 0 1 0 0 0 0 2 0 1 0 0 2 0 1 0 0 1 0 1 0 0 0 0 0 0 0 0 0 0 0 0 0 0 0 0 0 0 0 0 0 0 0 0 0 0 0 0 0 0 0 0 0 0 0 0
49 0 2 1 4 1 0 0 0 0 1 0 0 5 0 0 0 2 8 0 2 0 0 0 0 2 0 0 0 0 0 0 0 0 0 1 0 0 0 0 0 0 0 0 0 0 0 0 2 0 0 2 0 4 0 4 0 0 0 0 0 0 0 0 0 0 0 0 0 0 0 0 0 0 0 0 0 0 0 0 0 0 0 0 0 0 0 0 0 0 0 0 0 0 0 0 0 0 0 0 0
33 0 0 1 11 4 0 3 0 0 0 0 2 0 2 0 0 0 7 2 2 0 0 0 0 3 1 1 0 0 0 0 0 0 0 9 0 0 1 0 0 0 3 1 1 0 0 4 1 0 1 0 1 0 0 0 0 1 0 0 1 0 0 0 0 0 0 0 0 0 0 0 0 0 0 0 1 0 0 0 0 0 0 0 0 2 0 0 0 0 0 0 0 0 0 0 0 0 0 0 0
31 0 0 0 10 2 1 4 2 0 0 0 1 1 0 0 1 1 6 0 3 0 0 0 0 2 0 1 0 0 0 1 0 1 0 8 0 0 1 0 0 1 0 1 0 0 0 2 0 0 0 0 0 0 1 0 0 3 0 1 0 0 0 0 0 0 0 0 0 0 0 0 0 0 0 0 0 0 0 0 0 0 0 0 0 1 0 0 0 0 0 0 0 0 0 0 0 0 0 0 0
20 0 0 0 2 0 2 4 0 0 0 0 0 3 0 1 0 0 3 0 0 1 0 1 0 1 0 0 0 0 0 0 0 0 0 4 0 0 0 0 1 0 1 0 0 0 0 0 1 0 0 0 0 0 0 0 0 0 0 0 0 0 0 0 0 0 0 0 0 0 0 1 0 0 0 0 0 0 0 0 1 0 0 0 0 0 0 0 0 0 0 0 0 0 0 0 0 0 0 0 0
24 0 0 1 10 3 0 3 0 0 0 3 0 0 0 0 0 0 1 0 0 0 0 1 2 0 0 0 0 3 0 0 1 0 0 4 0 0 0 1 0 2 1 0 1 0 0 0 0 0 0 0 1 0 0 0 0 1 0 0 0 0 0 0 0 0 0 0 0 0 0 0 0 0 0 1 0 0 0 0 0 0 0 0 0 0 0 0 0 0 0 0 0 0 0 0 0 0 0 0 0
57 0 4 1 0 0 3 0 2 0 1 0 2 0 0 0 0 0 32 2 22 3 0 0 0 9 0 0 0 0 0 0 0 0 0 0 0 0 0 0 0 0 0 0 0 0 2 0 0 0 0 0 0 0 0 0 0 0 1 1 0 0 0 0 1 0 0 0 0 0 0 0 0 0 0 0 0 0 0 0 0 0 2 0 0 0 0 0 0 0 0 0 0 0 0 0 0 0 0 0 0
35 0 2 3 9 1 0 2 0 0 0 0 0 1 1 0 1 0 12 0 2 2 0 2 1 1 0 0 0 2 0 0 2 1 0 3 0 0 0 0 0 0 1 0 1 0 0 0 1 0 0 1 0 0 0 0 0 1 0 1 0 0 0 0 0 0 0 0 0 0 0 0 0 0 0 1 1 0 0 0 0 0 0 0 0 0 0 0 0 0 0 0 0 0 0 0 0 0 0 0 0
47 1 0 2 7 1 1 1 0 0 0 0 1 1 0 0 0 0 23 1 14 0 0 0 0 2 1 0 0 1 0 1 0 0 1 3 1 1 0 1 0 1 0 0 4 0 1 2 0 0 0 0 0 0 0 0 0 2 0 1 0 0 0 0 0 0 0 0 0 0 0 0 0 0 0 0 0 0 0 0 0 0 0 0 0 0 0 0 0 0 0 0 0 0 0 0 0 0 0 0 0
3 0 0 0 0 0 0 0 0 0 0 0 0 0 0 0 0 0 1 0 1 0 0 1 0 0 0 0 0 0 0 0 1 0 0 0 0 0 0 0 0 0 0 0 0 0 0 0 0 0 0 0 0 0 0 0 0 0 0 0 0 0 0 0 0 0 0 0 0 0 0 0 0 0 0 0 0 0 0 0 0 0 0 0 0 0 0 0 0 0 0 0 0 0 0 0 0 0 0 0 0
37 0 3 3 4 0 1 2 1 0 0 0 4 0 0 0 2 0 9 3 2 3 1 1 0 8 0 0 0 0 0 0 1 2 0 3 0 0 0 0 0 0 0 0 0 0 0 1 0 0 0 0 0 0 0 0 0 0 0 0 0 0 1 1 0 0 0 0 0 0 0 0 0 0 0 0 0 0 0 0 0 0 0 0 0 0 0 0 0 0 0 0 0 0 0 0 0 0 0 0 0
39 0 2 3 3 1 2 1 0 0 0 0 0 1 0 0 1 0 8 0 3 0 0 3 0 0 1 0 1 0 0 0 2 1 0 2 0 1 0 0 0 0 0 0 0 0 0 0 2 0 0 0 0 0 1 0 0 0 0 0 0 0 0 0 1 0 0 0 0 0 0 1 0 1 0 0 0 0 0 1 0 0 0 1 0 0 0 0 0 0 0 0 0 0 0 0 0 0 0 0 0
43 0 0 3 9 3 0 5 1 0 0 1 0 1 0 0 3 0 14 0 8 2 0 0 1 0 0 2 0 1 0 0 0 1 0 9 1 1 0 1 0 0 0 1 0 0 0 1 0 0 0 0 0 0 0 0 0 1 0 0 1 0 0 0 0 0 0 0 0 0 0 0 0 0 0 0 0 0 0 0 0 0 0 0 0 0 0 0 0 0 0 0 0 0 0 0 0 0 0 0 0
15 0 2 1 3 0 0 4 1 0 0 0 0 0 0 0 0 0 3 0 2 0 0 1 1 0 0 2 0 1 0 0 1 0 0 6 0 0 0 0 0 0 0 0 0 0 0 0 0 0 1 0 0 0 0 0 0 1 0 0 0 0 0 0 0 0 0 0 0 0 0 0 0 0 0 0 0 0 0 0 0 0 0 0 0 0 0 0 0 0 0 0 0 0 0 0 0 0 0 0 0
40 0 0 0 17 5 0 4 0 0 0 0 0 1 1 0 3 0 5 0 1 0 0 1 0 0 0 1 0 2 0 0 1 2 0 9 3 1 0 0 0 0 2 0 0 0 0 4 0 0 0 0 1 0 0 0 0 2 0 0 0 0 0 0 0 0 0 0 0 1 0 1 0 1 0 0 0 0 0 0 0 0 0 0 0 0 0 0 0 0 0 0 0 0 0 0 0 0 0 0 0
38 0 0 2 5 2 0 6 0 0 2 0 0 3 0 0 1 1 5 0 3 1 0 3 0 3 0 1 1 1 0 0 2 0 0 9 0 0 0 0 0 0 0 0 0 0 1 3 1 0 1 0 0 0 1 0 0 2 0 0 0 0 0 0 0 0 0 0 0 0 0 0 0 0 0 1 0 0 0 0 0 0 0 0 0 0 0 0 0 0 1 0 0 0 0 0 0 0 0 0 0
49 1 0 2 11 2 1 7 0 0 0 0 1 0 0 0 0 0 16 1 9 4 0 2 1 4 0 1 0 2 1 2 2 0 0 10 1 0 0 0 0 0 1 0 0 0 1 2 0 0 1 0 1 0 0 0 1 3 0 0 0 0 0 0 0 1 0 0 0 0 0 0 0 0 0 1 0 0 0 0 0 0 0 0 0 0 0 0 0 0 0 0 0 0 0 0 0 0 0 0 0
53 2 1 3 8 1 1 3 0 0 0 0 0 5 0 1 3 1 10 0 3 1 0 3 0 1 0 1 0 3 0 0 3 2 0 7 0 0 1 0 0 0 1 0 0 0 0 1 3 0 1 0 0 0 0 0 0 1 0 1 0 0 0 0 0 0 0 0 0 0 0 0 0 0 0 0 0 0 0 0 0 0 0 0 0 0 0 0 0 0 0 0 0 0 0 0 0 0 0 0 0
32 2 1 1 8 0 0 6 0 0 0 0 0 1 0 0 1 0 1 0 0 1 0 0 0 1 0 0 0 0 0 0 0 1 0 9 0 0 0 0 0 0 0 0 0 0 0 4 0 0 0 0 0 0 1 0 0 5 0 0 0 0 0 0 0 0 0 0 1 0 0 0 0 0 0 0 0 0 0 0 0 0 0 0 0 0 0 0 0 0 0 0 0 0 0 0 0 0 0 0 0
7 0 0 1 1 2 0 0 0 0 0 0 0 0 0 0 0 0 0 0 0 0 1 0 0 0 0 1 0 0 0 0 0 0 0 1 0 0 0 0 0 0 0 0 0 0 0 0 0 0 0 0 0 0 0 0 0 0 0 0 0 0 0 0 0 0 0 0 0 0 0 0 0 0 0 0 0 0 0 0 0 0 0 0 0 0 0 0 0 0 0 0 0 0 0 0 0 0 0 0 0
42 0 0 1 13 1 0 3 1 2 0 0 0 3 0 0 1 0 11 0 2 0 0 2 0 0 0 0 0 3 0 0 2 0 0 6 0 0 1 0 0 0 1 0 0 0 0 3 0 0 0 0 0 0 0 0 0 4 0 0 0 0 0 0 0 0 0 0 0 0 0 0 0 0 0 1 0 0 0 0 0 0 0 0 0 0 0 0 0 0 0 0 0 0 0 0 0 0 0 0 0
53 4 0 3 9 0 0 9 0 0 1 1 0 0 1 0 1 0 12 0 0 3 0 2 0 1 1 0 0 0 0 0 2 1 0 15 0 0 0 0 1 0 0 0 0 0 1 3 1 0 1 0 3 0 0 0 1 2 0 1 0 0 0 0 0 2 0 0 0 0 0 0 0 0 0 0 0 0 0 0 0 0 0 0 0 0 0 0 0 0 0 0 0 0 0 0 0 0 0 3 0
52 0 0 0 9 0 1 9 0 1 0 0 0 0 0 0 1 0 21 0 1 1 0 0 0 0 0 0 0 1 0 1 0 1 0 13 0 0 1 0 0 0 1 0 0 0 0 5 0 0 0 0 0 0 1 0 0 5 0 4 0 0 0 0 0 0 0 0 0 0 0 0 0 1 0 0 0 0 0 1 0 0 0 0 0 0 0 0 0 0 0 0 0 0 0 0 0 0 0 0 0
28 3 0 1 9 0 0 1 0 0 0 0 1 2 0 1 0 0 7 1 3 1 0 0 1 2 0 0 0 3 0 0 0 0 0 4 0 0 0 0 0 0 1 0 0 0 0 4 0 0 0 0 0 0 0 0 0 0 0 1 0 0 0 0 0 0 0 0 0 0 0 0 0 1 0 0 0 0 0 0 0 0 0 0 0 0 0 0 0 0 0 0 0 0 0 0 0 0 0 0 0
39 0 0 5 5 1 2 0 0 0 3 0 1 1 1 0 0 0 11 0 2 5 0 4 0 3 1 2 0 1 0 0 4 0 0 3 0 0 0 0 1 0 0 0 0 0 0 0 1 0 0 0 0 0 0 0 0 0 0 0 0 0 0 0 0 0 0 0 0 0 0 0 0 1 0 0 0 0 0 0 0 0 0 0 0 0 0 0 0 0 0 0 0 0 0 0 0 0 0 0 0
37 0 0 0 1 0 0 1 0 0 0 0 1 0 0 0 0 0 8 0 4 5 0 0 0 1 0 0 0 0 0 0 0 0 0 1 0 0 0 1 0 0 0 0 0 0 0 1 2 0 0 0 0 0 0 0 0 0 0 1 0 0 0 0 0 0 0 0 0 0 0 0 0 1 0 0 0 0 0 0 0 0 0 0 0 0 0 0 0 0 0 0 0 0 0 0 0 0 0 0 0
52 0 0 0 0 0 0 0 0 0 0 1 0 0 0 0 0 0 50 0 48 1 0 0 0 0 0 0 0 0 0 0 0 0 0 0 0 0 0 0 0 0 0 0 0 0 0 0 0 0 0 0 0 0 0 0 0 0 0 0 1 0 0 0 0 0 0 0 0 0 0 0 0 0 0 0 0 0 0 0 0 0 0 0 0 0 0 0 0 0 0 0 0 0 0 0 0 0 0 0 0
1 0 0 0 0 0 0 0 0 0 0 0 0 0 0 0 0 0 0 0 0 0 0 1 0 0 0 0 0 0 0 0 1 0 0 0 0 0 0 0 0 0 0 0 0 0 0 0 0 0 0 0 0 0 0 0 0 0 0 0 0 0 0 0 0 0 0 0 0 0 0 0 0 0 0 0 0 0 0 0 0 0 0 0 0 0 0 0 0 0 0 0 0 0 0 0 0 0 0 0 0
38 0 0 1 28 1 0 5 0 1 0 1 0 0 0 0 1 0 2 0 0 0 0 0 4 1 0 0 0 6 0 0 0 1 0 8 3 0 0 0 0 0 10 0 0 0 0 3 0 1 1 2 1 0 1 0 0 2 0 0 0 0 0 0 0 0 0 0 0 0 0 0 0 0 0 0 0 0 0 1 0 0 0 0 0 0 0 0 0 0 0 0 0 0 0 0 0 0 0 0 0
38 0 1 1 2 0 1 1 0 0 0 2 1 0 0 0 1 0 24 2 12 10 0 1 0 2 0 0 0 0 0 0 0 1 0 1 0 0 0 0 0 0 0 0 0 0 0 0 0 0 0 0 0 0 0 0 0 1 0 1 1 0 0 0 1 0 0 1 0 0 0 0 0 0 0 0 0 0 0 0 0 0 0 0 0 0 0 0 0 0 0 0 0 0 0 0 0 0 0 0 0
47 0 0 0 11 1 0 9 0 0 0 0 0 0 0 0 1 0 9 0 1 0 0 1 0 0 0 0 0 0 1 0 1 1 0 11 2 0 0 0 0 0 0 0 0 0 0 2 1 0 2 0 2 0 0 0 0 3 0 4 0 0 0 0 0 0 0 0 0 0 0 1 0 0 0 0 1 0 0 2 0 0 0 0 0 0 0 0 0 0 0 0 0 0 0 0 0 0 0 0 0
43 0 0 2 3 5 1 2 1 0 0 0 0 4 0 0 0 0 13 0 2 0 0 3 1 1 0 0 0 1 1 0 3 0 0 3 0 0 0 0 0 0 0 0 1 1 0 0 0 0 1 0 1 0 0 0 0 1 0 0 0 0 0 0 0 0 0 0 0 0 0 0 0 1 0 0 0 0 0 0 0 0 0 0 0 0 0 0 0 0 0 0 0 0 0 0 0 0 0 0 0
14 1 0 0 2 0 0 1 0 0 0 0 0 0 0 0 1 0 2 0 1 0 0 0 0 0 0 0 0 0 0 0 0 1 0 4 0 0 0 0 0 0 0 0 0 1 0 1 0 0 0 0 0 0 1 0 0 2 0 0 0 0 0 0 0 0 0 0 0 0 0 0 0 0 0 0 0 0 0 0 0 0 0 0 0 0 0 0 0 0 0 0 0 0 0 0 0 0 0 0 0
57 0 0 0 13 2 0 5 1 0 0 2 0 0 0 0 0 0 26 0 18 1 0 0 1 0 0 4 1 3 0 0 0 0 0 14 1 1 0 1 0 1 0 0 0 0 0 2 0 0 0 0 0 0 1 0 0 10 1 2 1 0 0 0 0 0 0 0 0 0 0 1 0 1 0 1 0 0 0 0 0 0 0 0 0 0 0 0 0 0 0 0 0 0 0 0 0 0 0 0 0
22 0 0 1 3 1 0 3 0 0 0 0 0 0 0 0 0 1 1 0 0 0 0 0 1 0 0 0 0 1 0 0 0 0 0 4 0 0 0 0 0 0 0 0 0 0 0 1 0 0 1 0 1 0 0 0 0 2 0 0 0 0 0 0 0 0 0 0 0 0 0 0 0 0 0 1 0 0 0 0 0 0 0 0 0 0 0 0 0 0 0 0 0 0 0 0 0 0 0 0 0
41 3 2 0 10 0 0 13 0 0 1 1 0 0 0 0 1 1 6 1 1 1 0 0 0 2 0 1 1 0 0 2 0 1 0 18 0 0 0 0 0 0 0 0 0 0 0 3 0 0 0 0 1 0 1 0 1 8 0 1 0 0 0 0 0 1 0 0 0 0 0 0 0 1 0 0 0 0 0 0 0 0 0 0 0 0 0 0 0 0 0 0 0 0 0 0 0 0 0 0 0
46 0 0 1 12 0 0 10 0 0 0 0 1 1 0 0 0 0 12 0 6 1 0 0 1 2 0 0 1 1 0 1 0 0 0 15 1 0 0 0 1 0 0 0 0 0 1 4 0 0 0 0 0 0 0 0 0 4 0 0 0 0 0 0 0 0 0 0 0 0 0 1 0 1 0 1 0 0 0 0 0 0 0 0 0 0 0 0 0 0 0 0 0 0 0 0 0 0 0 0 0
31 1 0 1 10 0 0 2 0 0 0 0 1 1 0 0 0 0 11 0 7 0 1 0 0 2 0 1 0 2 0 1 0 0 0 4 0 0 0 0 0 0 2 1 0 0 0 1 0 1 0 0 0 0 0 0 0 2 0 1 0 0 0 0 0 0 0 0 1 0 0 0 0 0 0 1 0 0 0 0 0 0 0 0 0 0 0 0 0 0 0 0 0 0 0 0 0 0 0 0 0
42 0 0 1 7 0 0 2 0 0 0 0 0 0 0 0 0 0 26 0 19 0 0 0 2 0 0 1 1 2 0 0 0 0 0 4 0 0 0 0 0 0 0 0 0 0 0 2 0 0 0 0 0 0 0 0 0 1 1 0 0 0 0 0 0 0 0 0 0 0 0 1 0 0 0 1 0 0 0 0 0 0 1 0 0 0 0 0 0 0 0 0 0 0 0 0 0 0 0 0 0
38 0 0 0 13 0 0 12 0 1 0 4 0 0 0 0 0 0 3 0 0 1 0 1 0 0 0 1 0 1 0 1 1 0 0 15 0 0 0 0 0 1 2 1 0 0 0 4 0 0 1 0 1 0 0 0 0 4 1 0 0 0 0 0 0 0 0 0 0 0 0 0 0 0 0 0 1 0 0 0 0 0 3 0 0 0 0 0 0 0 0 0 0 0 0 0 0 0 0 0 0
44 0 0 0 0 0 0 0 1 0 0 1 0 0 0 0 0 0 41 0 41 0 0 0 0 0 0 0 0 0 0 0 0 0 0 0 0 0 0 0 0 0 0 0 0 0 0 0 0 0 0 0 0 0 0 0 0 0 0 0 1 0 0 0 0 0 0 0 0 0 0 0 0 0 0 0 0 0 0 0 0 0 1 0 0 0 0 0 1 0 0 0 0 0 0 0 0 0 0 0 0
41 1 1 0 8 0 0 8 0 0 0 0 0 0 0 0 2 0 11 0 4 1 0 0 0 0 0 0 0 0 0 0 0 1 0 10 1 0 0 0 0 0 0 0 0 0 0 0 1 0 0 0 0 0 0 0 0 5 0 2 0 0 0 0 1 0 0 0 0 0 0 0 0 0 0 0 1 0 0 1 0 0 0 0 0 0 0 0 0 0 0 0 0 0 0 0 0 0 0 0 0
20 0 0 1 5 0 0 2 0 0 0 0 0 0 0 0 3 0 5 1 1 1 0 1 0 1 0 0 1 0 0 0 1 2 0 3 0 0 1 0 0 0 2 1 1 0 0 1 1 0 0 0 0 0 1 0 0 2 0 0 0 0 0 0 0 0 0 0 0 0 0 0 0 1 0 0 0 0 0 0 0 0 0 0 0 1 0 0 0 0 0 0 0 0 0 0 0 0 0 0 0
26 0 1 3 5 0 0 3 0 0 1 0 0 0 0 0 0 0 4 0 2 1 0 2 0 0 0 1 2 1 0 0 2 0 0 6 0 0 0 0 0 0 0 0 0 0 0 0 1 0 0 0 0 0 0 0 0 1 0 0 0 0 0 0 0 0 0 0 0 0 0 0 0 0 0 1 0 0 0 0 0 0 0 0 0 0 0 0 0 0 0 0 0 0 0 0 0 0 0 0 0
40 1 1 2 5 1 1 4 0 0 1 0 1 2 0 1 0 0 7 0 0 0 0 0 0 1 0 0 0 1 1 1 0 0 0 9 0 1 0 2 0 1 0 0 1 0 0 1 0 0 0 0 0 0 0 0 1 2 0 4 0 0 0 0 1 0 0 0 0 0 0 0 0 0 0 1 0 0 0 0 0 0 0 0 0 0 0 0 0 0 1 0 0 0 0 0 0 0 0 0 0
28 1 0 0 10 1 0 2 0 0 0 0 0 0 0 0 0 0 3 0 0 0 0 0 2 0 0 1 0 4 0 0 0 1 0 4 1 1 0 3 0 0 1 0 2 0 0 0 0 0 0 0 0 0 0 0 0 0 0 1 0 0 0 0 1 1 0 0 0 1 0 0 0 0 0 1 0 0 0 0 0 0 0 0 0 0 0 0 0 0 0 0 0 0 0 0 0 0 0 0 0
18 1 0 1 3 0 0 1 0 0 0 0 0 2 0 0 0 0 3 1 2 0 0 0 1 1 0 0 0 1 0 0 0 1 0 1 0 1 0 1 0 0 0 0 0 1 0 1 0 0 0 0 0 0 0 0 0 0 0 0 0 0 0 0 0 0 0 0 0 0 2 0 0 0 0 0 0 0 0 0 2 0 0 0 0 0 0 0 0 0 0 0 0 0 0 0 0 0 0 0 0
7 0 0 1 1 0 0 2 0 0 0 0 0 0 0 0 0 0 4 0 0 0 0 0 0 0 0 0 0 0 0 0 0 0 0 2 0 0 0 0 0 0 0 0 0 0 0 0 0 0 1 0 1 0 0 0 0 1 0 0 0 0 0 0 0 0 0 0 0 0 0 0 0 0 0 0 0 0 0 0 0 0 0 0 0 0 0 0 0 0 0 0 0 0 0 0 0 0 0 0 0
3 0 0 0 0 0 0 1 0 0 0 0 0 0 0 0 0 0 1 0 0 0 0 0 0 0 0 0 0 0 0 0 0 0 0 1 0 0 0 0 0 0 0 0 0 0 0 0 0 0 0 0 0 0 0 0 0 1 0 1 0 0 0 0 0 0 0 0 0 0 0 0 0 0 0 0 0 0 0 0 0 0 0 0 0 0 0 0 0 0 0 0 0 0 0 0 0 0 0 0 0
5 0 0 1 0 0 0 1 0 0 0 0 0 0 0 0 0 0 0 0 0 0 0 1 0 0 0 0 0 0 0 0 1 0 0 1 0 0 0 0 0 0 0 0 0 0 0 1 1 0 0 0 0 0 0 0 0 1 0 0 0 0 0 0 0 0 0 0 0 0 0 0 0 0 0 0 0 0 0 0 0 0 0 0 0 0 0 0 0 0 0 0 0 0 0 0 0 0 0 0 0
52 0 3 2 9 0 0 7 0 0 0 0 0 0 0 0 1 0 16 0 5 2 0 0 1 1 0 1 0 2 0 0 0 1 0 10 0 0 0 0 0 0 0 1 1 0 0 2 1 0 0 0 0 0 2 0 0 3 0 1 0 0 1 0 0 0 0 0 0 0 0 1 0 0 0 1 0 0 1 0 0 0 0 0 0 0 0 0 0 0 1 0 0 0 0 0 0 0 0 0 0
15 0 0 4 1 0 0 1 0 0 0 1 0 0 0 0 0 0 2 0 0 1 0 0 0 0 0 0 0 0 0 0 0 0 0 3 0 0 0 0 0 0 0 0 0 0 0 1 0 0 0 0 0 0 0 0 0 1 0 0 0 0 0 0 0 0 0 0 0 0 0 0 0 0 0 0 0 0 0 0 0 0 0 0 0 0 0 0 0 0 0 0 0 0 0 0 0 0 0 0 0
22 0 1 2 2 0 0 2 0 0 0 5 1 0 0 0 0 0 4 1 0 0 0 1 0 1 0 0 0 0 0 0 1 0 0 2 0 0 0 0 0 0 0 0 0 0 0 1 1 0 0 0 0 0 0 0 0 0 0 1 0 0 0 0 0 0 0 0 1 0 0 0 0 0 0 0 0 0 0 0 1 0 0 0 0 0 0 0 0 0 0 0 0 0 0 0 0 0 0 0 0
42 1 1 1 4 0 0 7 0 0 0 2 0 0 0 0 1 0 22 0 14 0 0 1 0 0 0 0 0 0 0 0 1 1 0 7 0 0 0 0 0 0 0 0 0 0 0 1 2 0 0 0 0 0 0 0 0 3 0 0 1 0 0 0 1 0 1 0 0 0 0 0 0 0 0 0 1 0 0 0 0 0 0 0 0 0 0 0 0 0 0 0 0 0 0 0 0 0 0 0 0
55 0 2 0 4 0 4 6 0 0 5 2 0 0 0 0 0 0 11 0 6 0 0 0 0 3 0 0 0 0 0 0 0 0 0 7 0 0 0 0 0 0 0 0 0 0 1 1 0 0 0 0 1 0 0 0 0 1 0 0 1 0 0 0 2 0 0 0 0 0 1 0 0 0 0 0 0 0 0 0 0 0 0 0 0 0 0 0 0 0 0 0 0 0 0 0 0 0 0 0 0
56 1 0 3 13 1 0 7 0 0 0 0 1 0 0 0 1 0 22 2 6 0 1 0 0 2 0 1 0 2 0 1 0 2 0 12 0 0 0 0 0 0 1 0 1 0 0 3 0 0 0 0 0 0 3 0 0 2 0 2 1 0 0 0 0 0 0 0 0 0 0 0 0 0 0 1 0 0 0 0 0 0 0 0 0 0 0 0 0 0 0 0 0 0 0 0 0 0 0 0 0
17 2 0 0 7 0 0 2 0 0 0 1 0 0 0 0 0 1 3 0 0 1 0 2 1 2 0 0 0 1 0 0 1 0 0 3 0 0 0 0 0 0 1 0 0 0 0 1 1 0 0 1 1 0 0 0 0 2 0 1 0 0 0 0 1 0 0 0 0 0 0 1 0 1 0 0 0 0 0 0 0 0 0 0 0 0 0 0 0 0 0 0 0 0 0 0 0 0 0 0 0
21 0 0 1 3 0 0 5 0 0 0 2 0 0 0 0 0 0 5 1 1 0 0 0 0 2 0 1 0 0 0 1 0 0 0 6 0 0 0 0 0 0 0 1 0 0 0 0 1 0 0 0 1 0 0 0 0 6 0 0 1 0 0 0 0 0 0 0 0 0 0 0 0 0 0 0 0 0 0 0 0 0 0 0 0 0 0 0 0 0 0 0 0 0 0 0 0 0 0 0 0
30 0 0 1 3 0 0 3 0 0 0 3 0 0 0 0 1 0 0 0 0 0 0 0 0 1 0 1 0 0 0 0 0 1 0 5 0 0 0 0 0 0 0 0 0 0 0 0 0 0 0 0 0 1 0 0 0 1 1 0 0 0 1 0 0 0 0 0 3 0 0 0 0 0 0 0 0 0 0 0 0 0 0 0 0 0 0 0 1 0 0 0 0 0 0 0 0 0 0 0 0
35 1 1 0 2 0 0 5 0 0 1 11 2 0 0 0 0 0 0 2 0 0 0 0 0 3 0 0 0 1 0 1 0 0 0 6 1 0 0 0 0 0 0 0 0 0 0 1 0 0 0 0 0 0 0 0 0 4 1 0 0 0 0 0 1 1 0 0 0 0 0 0 0 0 0 0 0 0 0 0 0 0 1 0 0 0 0 0 0 0 0 0 0 0 0 0 0 0 0 0 0
39 0 1 0 7 0 1 13 0 1 1 3 0 0 0 0 0 0 9 1 4 0 0 0 0 1 0 1 0 0 1 2 0 0 0 15 0 0 0 0 0 0 2 0 0 0 0 2 0 0 0 0 0 0 1 0 0 11 0 2 0 0 0 0 0 1 0 0 0 0 0 0 0 0 0 0 0 0 0 2 0 0 0 0 0 0 0 0 0 0 0 0 0 0 0 0 0 0 0 0 0
25 1 0 0 8 0 0 1 0 1 0 0 0 0 0 0 0 0 8 1 5 0 0 0 0 2 0 1 0 1 0 1 0 0 0 5 0 0 0 0 0 0 2 1 0 0 0 3 1 0 0 0 0 0 0 0 0 2 0 2 0 0 0 0 0 0 0 0 0 0 0 0 0 1 0 0 0 0 0 0 0 0 0 0 0 0 0 0 0 0 0 0 0 0 0 0 0 0 0 0 0
51 1 2 0 15 0 0 12 1 0 2 1 1 0 1 0 1 0 7 1 1 0 0 1 0 1 0 2 0 0 0 1 1 4 0 18 0 0 0 0 0 0 1 1 0 0 0 3 0 0 1 1 2 0 0 0 0 5 0 0 0 0 0 0 0 0 0 0 0 0 0 0 0 0 0 0 3 0 0 0 0 0 0 0 0 0 0 0 0 0 0 0 0 0 0 0 0 0 0 0 0
33 1 0 0 8 0 0 15 0 1 0 1 0 0 0 0 0 1 0 0 0 0 0 0 1 0 0 1 0 1 0 5 0 1 0 19 0 0 0 0 0 0 1 0 0 0 0 3 0 0 0 0 0 0 1 0 0 17 0 0 0 0 0 0 0 0 0 0 0 0 0 0 0 0 0 1 1 0 0 0 0 0 0 0 0 0 0 0 0 0 0 0 0 0 0 0 0 0 0 0 0
44 0 0 0 2 0 0 2 1 0 0 0 0 1 1 0 0 0 35 0 27 0 0 0 0 1 0 0 1 0 0 0 0 0 0 3 0 0 0 0 0 0 1 1 0 0 1 0 0 0 0 0 0 0 0 0 0 2 0 0 0 0 0 0 0 0 0 0 0 0 0 0 0 0 0 0 0 0 0 0 0 0 0 0 0 0 0 0 0 0 0 0 0 0 0 0 0 0 0 0 0
44 0 2 0 5 0 0 4 0 0 1 0 0 0 0 0 1 0 29 0 11 0 0 0 0 0 0 0 0 0 0 0 0 1 0 5 0 0 0 0 0 0 1 0 0 0 0 0 0 0 0 0 0 0 1 0 0 2 0 2 0 0 0 0 0 0 0 0 0 0 0 0 0 0 0 0 1 0 0 0 0 0 0 0 0 0 0 0 0 0 0 0 0 0 0 0 0 0 0 0 0
57 1 1 6 10 0 0 6 0 0 4 0 0 0 0 0 0 0 10 0 2 1 0 2 0 1 0 1 0 1 0 1 2 1 0 14 1 0 0 0 0 0 1 0 0 0 1 3 4 0 0 1 0 0 0 0 0 5 0 2 0 0 0 0 0 0 0 0 0 0 0 1 0 1 0 0 0 0 0 0 0 0 0 0 0 0 0 0 0 0 0 0 0 0 0 0 0 0 0 0 0
53 0 2 3 11 1 0 2 1 0 0 0 1 1 1 0 0 1 20 0 2 0 0 2 0 1 1 3 1 2 0 0 1 0 0 8 1 0 0 0 0 0 1 0 0 0 0 3 0 0 0 0 0 0 0 0 0 2 1 5 0 0 0 0 1 0 0 0 0 0 0 1 0 1 0 0 0 0 0 1 0 0 0 1 0 0 0 0 0 0 0 0 0 0 0 0 0 0 0 0 0
16 0 0 0 0 0 0 8 0 0 0 3 0 0 0 0 0 0 1 0 1 0 0 1 0 0 0 0 0 0 0 2 1 0 0 8 0 0 0 0 0 0 0 0 0 1 0 1 1 0 0 0 0 0 0 0 0 7 0 0 0 0 0 0 0 0 0 0 1 0 0 0 0 0 0 0 0 0 0 0 0 0 0 0 0 0 0 0 0 0 0 0 0 0 0 0 0 0 0 0 0
13 0 0 0 4 0 0 3 0 0 0 4 0 0 0 0 0 0 0 0 0 0 0 0 0 0 0 0 0 0 0 0 0 1 0 4 0 0 0 0 0 0 3 0 0 0 0 1 0 0 0 0 0 0 0 0 0 3 0 0 0 0 0 0 0 0 0 0 0 0 0 0 0 0 0 0 0 0 0 0 0 0 1 0 0 0 0 0 0 0 0 0 0 0 0 0 0 0 0 0 0
32 0 1 0 6 0 0 5 0 4 1 13 0 0 0 0 0 0 2 0 0 0 1 0 1 2 0 0 0 2 0 0 0 0 0 5 0 0 0 0 0 0 5 0 0 0 0 0 0 0 0 1 0 0 1 0 0 1 0 1 0 3 0 0 0 0 0 0 0 0 0 0 0 0 0 0 0 0 0 0 0 0 0 0 0 0 0 0 0 0 0 0 0 0 0 0 0 0 0 0 0
35 0 0 0 4 0 0 8 0 0 4 9 1 0 0 0 0 0 3 1 1 1 0 0 0 2 0 0 0 0 0 1 0 0 0 8 2 0 0 0 0 0 1 0 0 0 0 0 0 1 1 0 1 0 0 0 0 2 1 0 0 0 0 0 0 0 0 0 0 0 0 0 0 0 0 0 1 0 0 0 0 0 0 0 0 0 0 0 0 0 0 0 0 0 0 0 0 0 0 0 0
29 0 0 0 0 0 0 0 1 0 0 4 0 0 0 0 0 0 21 0 18 0 0 0 0 0 0 0 0 0 0 0 0 0 0 0 0 0 0 0 0 0 0 0 0 0 0 0 0 0 0 0 0 0 0 0 0 0 0 0 3 0 0 0 0 0 0 0 0 0 0 0 0 1 0 0 0 0 0 0 0 0 0 0 0 0 0 0 0 0 0 0 0 0 0 0 0 0 0 0 0
29 0 0 0 2 0 0 4 0 0 0 0 0 0 0 0 0 0 22 0 20 1 0 0 0 0 0 1 0 0 0 1 0 0 0 6 0 0 0 0 0 0 0 0 0 0 0 1 0 0 1 0 1 0 0 0 0 2 0 0 1 0 0 0 0 0 0 0 0 0 0 0 0 0 0 0 0 0 0 0 0 0 0 0 0 0 0 0 0 0 0 0 0 0 0 0 0 0 0 0 0
32 0 0 0 1 0 0 0 0 0 0 0 0 0 0 0 0 1 29 0 26 1 0 1 0 0 0 0 0 0 0 0 1 0 0 0 0 0 0 0 0 0 0 0 0 0 0 0 0 0 0 0 0 0 0 0 0 0 0 0 0 0 0 0 0 0 0 0 1 0 0 0 0 0 0 0 0 0 0 0 0 0 1 0 0 0 0 0 0 0 0 0 0 0 0 0 0 0 0 0 0
7 1 0 0 1 0 0 4 0 0 0 0 0 0 0 0 0 0 0 0 0 0 0 1 0 0 0 0 0 0 0 0 1 0 0 4 0 0 0 0 0 0 0 0 0 0 0 1 0 0 0 0 0 0 0 0 0 3 0 0 0 0 0 0 0 0 0 0 0 0 0 0 0 0 0 0 0 0 0 0 0 0 2 0 0 0 0 0 0 0 0 0 0 0 0 0 0 0 0 0 0
57 0 0 0 3 0 0 1 1 0 0 0 0 0 0 0 0 0 56 0 43 1 0 0 0 0 0 0 0 0 0 0 0 0 0 1 0 0 0 0 0 0 0 0 0 0 0 0 0 0 0 0 0 0 0 0 0 0 0 0 1 0 0 0 0 0 0 0 0 0 0 0 0 0 0 0 0 0 0 0 0 0 0 0 0 0 0 0 0 0 0 0 0 0 0 0 0 0 0 0 0
54 0 1 3 6 2 0 3 0 0 1 1 0 2 0 0 0 0 6 0 1 0 1 2 0 0 0 1 1 0 0 0 2 0 0 4 0 0 1 0 0 0 1 0 0 0 0 0 2 0 0 0 0 0 0 0 0 1 0 1 0 0 0 0 1 0 0 0 0 0 0 0 0 0 0 0 0 0 0 0 0 0 0 0 0 0 0 0 0 0 0 0 0 0 0 0 0 0 0 0 0
13 0 0 1 4 1 0 0 0 0 0 0 0 0 1 0 0 0 2 0 0 0 0 1 0 0 0 0 0 0 0 0 1 0 0 2 0 0 0 0 0 0 2 1 0 0 0 1 1 0 0 0 0 0 0 0 0 0 0 0 0 0 0 0 0 0 0 0 0 0 0 0 0 0 0 0 0 0 0 0 0 0 0 0 0 0 0 0 0 0 0 0 0 0 0 0 0 0 0 0 0
39 0 0 4 8 1 0 4 0 0 0 0 0 0 0 0 0 0 17 0 9 4 0 1 0 0 0 1 0 2 0 0 0 0 0 6 0 0 0 0 0 1 1 1 0 0 0 0 0 0 0 0 0 0 0 0 0 0 0 0 1 0 0 0 0 0 0 0 0 0 0 0 0 0 0 0 0 0 0 0 0 0 0 0 0 0 0 0 0 0 0 0 0 0 0 0 0 0 0 0 0
28 0 1 0 6 0 1 8 0 0 0 1 0 0 0 0 0 0 3 1 0 1 0 0 0 4 0 2 0 0 0 1 0 0 0 11 1 0 0 0 0 0 0 0 0 1 0 2 0 0 0 0 0 0 0 0 0 2 0 0 0 0 0 0 0 0 0 0 0 0 0 0 0 0 0 0 1 0 0 0 0 0 0 0 0 0 0 0 0 0 0 0 0 0 0 0 0 0 0 0 0
2 0 0 0 0 0 0 0 0 0 0 2 0 0 0 0 0 0 0 0 0 0 0 0 0 0 0 0 0 0 0 0 0 0 0 0 0 0 0 0 0 0 0 0 0 0 0 0 0 0 0 0 0 0 0 0 0 0 0 0 0 0 0 0 0 0 0 0 0 0 0 0 0 0 0 0 0 0 0 0 0 0 0 0 0 0 0 0 0 0 0 0 0 0 0 0 0 0 0 0 0
44 1 0 1 19 4 0 5 0 0 0 1 2 2 0 0 0 1 0 1 0 0 0 1 2 2 0 0 0 5 0 1 0 0 0 8 1 0 0 0 0 2 3 0 0 0 0 3 0 0 0 0 1 1 0 0 1 4 0 0 0 1 0 0 1 2 0 0 0 0 0 0 0 0 0 3 0 0 0 0 0 0 0 0 0 0 0 0 0 0 0 0 0 0 0 0 0 0 1 0 0
45 0 0 3 5 2 0 0 0 0 0 0 0 0 0 0 0 0 35 0 33 0 0 0 0 0 0 0 0 1 0 0 0 0 0 1 0 1 0 1 0 0 0 0 0 0 0 0 0 0 0 0 0 0 0 0 0 0 0 1 1 0 0 0 0 0 0 0 0 0 0 0 0 0 0 1 0 0 0 0 0 0 0 0 0 0 0 0 0 0 0 0 0 0 0 0 0 0 0 0 0
29 1 1 3 3 0 0 3 0 0 0 0 0 0 0 0 0 0 5 0 2 0 0 0 1 0 0 0 0 1 0 0 0 0 1 3 0 0 0 0 0 0 0 0 0 0 0 1 2 0 0 0 1 0 0 0 0 1 0 1 0 0 0 0 0 0 0 0 0 0 0 0 0 0 0 1 0 0 0 0 0 0 0 0 0 0 0 0 1 0 0 0 0 0 0 0 0 0 0 0 0
28 0 0 1 4 1 0 6 0 0 0 0 1 1 1 0 2 0 5 1 1 0 0 1 0 1 1 1 1 0 0 0 1 2 0 9 0 0 1 0 0 0 0 0 0 0 0 1 1 0 1 0 1 0 3 0 0 3 1 2 0 0 0 0 1 0 0 0 0 0 0 1 0 1 0 0 0 0 0 0 0 0 0 0 0 0 0 0 0 0 0 0 0 0 0 0 0 0 0 0 0
46 0 1 1 4 0 0 10 0 0 0 1 0 1 0 0 2 0 3 0 0 0 0 2 0 0 0 0 0 0 0 0 1 2 0 14 1 0 0 0 0 0 1 0 0 0 0 3 7 0 0 0 0 0 0 0 0 2 0 0 0 0 0 0 3 0 0 0 2 0 0 0 0 0 0 0 0 0 0 0 0 0 0 1 0 0 0 0 0 0 0 0 0 0 0 0 0 0 0 0 0
4 0 0 1 0 0 1 0 0 0 0 0 0 0 0 0 0 0 0 0 0 0 0 0 0 1 0 0 0 0 0 0 0 0 0 0 0 0 0 0 0 0 0 0 0 0 0 0 0 0 0 0 0 0 0 0 0 0 0 0 0 0 0 0 0 0 0 0 0 0 0 0 0 0 0 0 0 0 0 0 0 0 0 0 0 0 0 0 0 0 0 0 0 0 0 0 0 0 0 0 0
48 0 0 5 6 0 0 5 0 0 1 0 0 1 1 0 5 0 24 0 9 8 1 1 0 1 1 1 0 0 0 0 1 4 0 7 0 0 0 0 0 0 2 0 0 0 1 0 0 0 0 0 1 0 2 0 0 1 0 0 1 0 0 0 0 0 0 0 0 0 0 0 0 0 0 0 0 0 0 0 0 0 0 0 0 0 0 0 0 0 0 0 0 0 0 0 0 0 0 0 0
40 0 0 1 5 0 1 2 0 0 1 1 0 2 0 0 0 1 13 0 9 0 0 0 0 2 0 0 0 1 0 0 0 0 0 2 2 0 0 2 0 0 0 1 0 0 0 0 3 0 0 0 0 0 0 0 0 0 0 1 0 0 0 0 0 0 0 0 1 0 0 0 0 1 0 0 0 0 0 1 0 0 0 0 0 0 0 0 0 0 0 0 1 0 0 0 0 0 0 0 0
51 0 0 1 0 0 0 0 0 0 0 0 1 0 0 0 0 0 41 0 36 0 0 0 0 1 0 0 0 0 0 0 0 0 0 1 0 0 0 0 0 0 0 0 0 1 0 0 1 0 0 0 0 0 0 0 0 0 0 0 1 0 0 0 0 0 0 0 0 0 0 0 0 0 0 0 0 0 0 0 0 0 0 0 0 0 0 0 0 0 0 0 0 0 0 0 0 0 0 0 0
56 1 0 1 6 1 1 6 0 0 0 0 3 1 0 0 2 0 8 2 1 5 0 3 0 7 0 0 0 0 0 0 2 1 0 10 0 0 0 0 0 0 0 0 0 1 0 2 0 0 0 0 0 0 0 0 0 3 0 1 0 0 0 0 2 0 0 0 0 0 0 0 0 1 0 0 0 0 0 1 0 0 0 0 0 0 0 0 0 0 0 0 0 0 0 0 0 0 0 0 0
23 0 1 1 4 0 1 3 0 1 0 0 1 0 1 0 0 0 9 1 6 1 0 0 0 2 0 1 0 0 0 0 0 0 0 6 1 0 0 0 0 0 2 1 0 0 0 0 1 0 1 0 1 0 0 0 0 0 0 0 0 1 0 0 0 0 0 0 0 0 0 0 0 0 0 0 0 0 0 0 0 0 0 0 0 0 0 0 0 0 0 0 0 0 0 0 0 0 0 0 0
29 0 0 2 4 0 0 2 0 0 1 0 0 1 0 0 0 0 4 0 2 0 0 3 0 1 0 1 0 0 0 0 2 0 0 5 0 0 0 0 0 1 0 0 1 0 0 1 3 0 1 0 0 0 0 0 1 0 0 0 0 0 0 0 0 0 0 0 0 0 0 0 0 0 0 0 0 0 0 0 0 0 0 1 0 0 0 0 0 0 0 0 0 0 0 0 0 0 0 0 0
53 1 1 3 10 0 0 13 0 0 0 1 0 0 0 0 1 0 14 0 4 0 0 0 0 0 0 1 0 0 0 1 0 1 0 17 1 0 0 0 0 0 0 1 0 0 0 3 0 0 1 0 1 0 0 0 0 7 2 3 0 0 0 0 0 0 0 0 0 0 0 0 0 1 0 1 0 0 0 0 0 0 0 0 0 0 0 0 0 0 1 0 0 0 0 0 0 0 0 0 0
19 0 0 3 4 1 0 0 0 0 0 0 0 2 0 0 0 0 2 0 0 0 0 3 0 0 0 0 0 0 0 0 2 0 0 1 0 0 0 0 0 0 0 0 0 0 0 0 1 0 0 0 0 0 0 0 0 0 0 0 0 0 0 0 0 0 0 1 0 0 0 0 0 0 0 0 0 0 0 0 0 0 0 0 0 0 0 0 0 0 0 0 0 0 0 0 0 0 0 0 0
5 0 0 2 0 0 0 0 0 0 0 0 0 0 0 0 0 0 1 0 0 0 0 0 0 0 0 0 0 0 0 0 0 0 0 0 0 0 0 0 0 0 0 0 0 0 0 0 0 0 0 0 0 0 0 0 0 0 0 1 0 0 0 0 0 0 0 0 0 0 0 0 0 0 0 0 0 0 0 0 0 0 0 0 0 0 0 0 0 0 0 0 0 0 0 0 0 0 0 0 0
54 3 1 0 17 3 0 9 0 0 0 1 0 0 0 0 1 0 15 0 0 2 0 0 0 6 0 1 1 1 0 0 0 1 0 14 1 0 1 0 0 0 1 1 0 1 0 3 0 0 1 1 1 0 0 0 0 4 0 2 0 0 0 0 0 0 0 0 0 0 0 2 0 0 0 1 0 0 0 0 0 0 0 0 0 0 0 1 0 0 0 0 0 0 0 0 0 0 0 0 0
25 0 3 0 8 0 0 3 0 0 1 1 1 1 0 0 2 0 3 0 0 1 0 0 0 3 0 1 0 1 1 0 0 2 0 6 1 1 0 1 0 0 0 0 0 0 2 2 0 0 1 0 1 0 0 0 0 2 0 1 0 0 0 0 0 0 0 0 0 0 0 0 0 0 0 0 0 0 0 0 0 0 0 0 0 0 0 0 0 0 0 0 0 0 0 0 0 0 0 0 0
18 0 0 0 2 0 0 2 0 0 0 0 0 0 0 0 0 0 5 0 5 0 0 1 1 0 0 0 0 1 0 0 1 0 0 2 0 0 0 1 0 0 0 0 0 0 0 0 0 0 1 0 1 0 0 0 0 1 0 0 0 0 0 0 0 0 0 0 0 0 1 0 0 1 0 1 0 0 0 0 1 0 0 0 0 0 0 0 0 0 0 0 0 1 0 0 0 0 0 0 0
42 0 0 1 3 1 0 0 0 0 0 0 0 0 1 0 0 0 22 0 12 4 0 0 0 1 0 0 0 0 0 0 0 0 0 2 0 0 0 0 0 0 1 1 0 1 0 0 4 0 0 0 0 0 0 0 0 0 0 0 0 0 0 0 0 0 0 0 0 0 0 0 0 0 0 0 0 0 0 0 0 0 0 0 0 0 0 0 0 0 0 0 0 0 0 0 0 0 0 0 0
18 0 0 1 3 0 0 0 0 0 0 0 1 3 0 0 0 0 2 0 0 0 0 0 0 1 0 0 0 1 0 0 0 0 0 0 0 0 0 0 0 0 0 0 0 0 0 0 2 0 0 0 0 0 0 0 0 0 0 0 0 0 0 0 0 0 0 0 0 0 0 0 0 0 0 0 0 0 0 0 0 0 1 0 0 0 0 0 0 0 0 0 0 0 0 0 0 0 0 0 0
40 0 1 1 13 1 0 7 0 0 0 2 0 2 0 0 0 0 1 0 0 0 0 0 1 0 0 0 0 4 0 1 0 0 0 9 0 0 0 0 0 0 0 0 0 0 0 2 0 0 0 0 0 0 0 0 0 5 0 0 0 0 0 0 0 0 1 0 0 0 0 0 0 0 0 2 0 0 0 0 0 0 1 0 0 0 0 0 0 0 0 0 0 0 0 0 0 0 0 0 0
49 0 1 3 10 1 0 2 0 0 1 0 1 0 0 0 0 0 15 1 6 2 0 0 0 4 1 2 0 0 0 0 0 0 0 5 0 1 0 1 0 0 0 1 0 0 1 1 0 0 0 0 0 0 1 0 0 0 0 0 0 0 0 0 1 0 0 0 0 0 0 0 0 0 0 0 0 0 0 0 0 0 0 0 0 0 0 0 0 0 0 0 0 0 0 0 0 0 0 0 0
28 0 3 1 6 2 0 0 0 0 0 0 0 5 0 1 0 0 2 0 0 0 0 1 0 0 0 0 0 2 0 0 1 0 0 1 0 0 0 0 0 0 1 0 0 0 0 0 1 0 0 0 0 0 0 0 0 0 0 0 0 1 0 0 0 0 0 0 0 0 0 0 0 0 0 0 0 0 0 0 0 0 0 0 0 0 0 0 0 0 0 0 0 1 0 0 0 0 0 0 0
10 0 1 1 2 0 0 0 0 0 0 0 2 0 0 0 0 0 1 1 0 0 1 0 0 2 0 0 0 0 1 0 0 0 0 0 0 0 0 0 0 0 1 0 0 1 0 0 0 0 0 0 0 0 0 0 0 0 0 0 0 0 0 0 0 0 0 0 0 0 0 0 0 0 0 0 0 0 0 0 0 0 0 0 0 0 0 0 0 0 0 0 0 0 0 0 0 0 0 0 0
38 0 1 1 2 0 0 2 0 0 1 1 0 3 0 0 1 0 4 0 0 1 0 3 0 2 0 0 0 1 0 0 1 0 0 2 0 0 0 0 0 0 0 0 0 0 0 0 1 0 0 1 0 0 0 0 0 0 0 1 0 0 0 0 0 0 0 0 0 0 2 0 0 0 0 0 0 0 0 0 1 0 0 2 0 0 0 0 0 0 0 0 0 0 0 0 0 0 0 0 0
34 0 0 1 6 0 0 3 0 0 0 0 0 1 0 0 0 0 11 0 9 1 0 0 0 0 0 0 0 1 0 0 0 0 1 6 0 0 0 0 1 0 0 0 0 0 0 1 0 0 0 0 0 0 0 0 0 1 0 0 0 0 0 0 1 0 0 0 0 0 0 0 0 1 0 0 1 0 0 0 0 0 0 0 0 0 0 0 0 0 0 0 0 0 0 0 0 0 0 0 0
24 0 0 3 2 0 0 0 0 0 0 0 0 5 0 0 0 0 3 0 1 0 0 0 0 0 0 0 0 1 0 0 0 0 0 0 0 0 0 0 0 0 0 0 0 0 0 0 2 0 0 0 0 0 0 0 0 0 0 0 0 0 0 0 0 0 0 0 0 0 0 0 0 0 0 0 0 0 0 0 0 0 0 0 0 0 0 0 0 0 0 0 0 0 0 0 0 0 0 0 0
19 0 2 3 3 0 0 0 0 0 0 0 0 0 1 0 0 0 4 0 1 0 0 0 0 0 0 0 0 0 0 0 0 0 0 1 0 0 0 0 0 0 0 0 0 0 0 0 0 0 0 0 0 0 0 0 0 0 0 0 0 0 0 0 0 0 0 0 0 0 0 0 0 0 0 0 0 0 0 0 0 0 0 0 0 0 0 0 0 0 0 0 0 0 0 0 0 0 0 0 0
37 0 1 1 12 1 1 1 0 0 0 0 1 0 1 0 2 0 11 1 0 2 0 2 3 5 0 0 0 4 0 0 2 2 0 2 1 0 0 0 0 0 1 2 0 1 0 0 0 1 0 1 1 0 1 0 0 0 0 1 0 2 0 1 0 0 0 0 0 0 0 0 0 0 0 0 1 0 0 0 0 0 0 0 0 1 0 0 0 0 0 0 0 0 0 0 0 0 0 0 0
38 1 0 3 10 4 0 1 0 0 0 0 0 1 1 0 5 0 8 0 3 0 0 1 0 0 1 0 0 0 0 0 1 5 0 7 0 0 0 0 0 1 0 0 0 0 0 2 1 0 0 0 0 0 4 0 0 1 0 0 0 0 0 0 0 0 0 0 0 0 1 0 0 1 0 1 0 0 0 0 0 0 0 0 0 0 0 0 0 0 0 0 0 0 0 0 0 0 0 0 0
43 1 0 1 1 0 0 1 0 0 0 1 0 0 0 0 2 0 6 0 0 1 0 2 0 1 0 0 0 0 0 0 2 0 0 2 0 0 0 0 0 0 0 0 0 0 0 0 4 0 0 0 0 0 0 0 0 1 0 1 0 0 0 0 0 0 0 0 0 0 0 0 0 0 0 0 0 0 0 0 0 0 0 0 0 0 0 0 0 0 0 0 0 0 0 0 0 0 0 0 0
19 0 0 2 5 0 0 0 0 0 0 0 0 2 0 0 0 0 0 0 0 0 0 0 2 0 0 1 0 2 0 0 0 0 0 2 0 1 0 2 0 1 0 0 0 0 0 0 1 0 0 0 0 0 0 0 0 0 0 0 0 0 0 0 0 0 0 0 0 0 0 0 0 0 0 1 0 0 0 0 0 0 0 0 0 0 0 0 0 0 0 0 0 0 0 0 0 0 0 0 0
48 0 0 5 7 1 0 6 0 0 0 0 1 1 1 0 2 0 5 2 3 0 0 1 0 2 0 1 0 0 0 0 1 1 0 10 0 0 0 1 0 0 0 2 0 1 0 2 3 0 0 0 1 0 0 0 0 0 0 0 0 0 0 0 0 0 0 0 0 0 1 0 0 1 0 0 0 0 0 0 0 0 0 0 0 0 0 0 1 0 0 0 0 0 0 0 0 0 0 0 0
9 0 0 3 0 0 0 1 0 0 0 0 0 0 0 0 0 0 0 0 0 0 0 2 0 0 0 0 0 0 0 0 2 0 0 1 0 0 0 0 0 0 0 0 0 0 0 0 2 0 0 0 0 0 0 0 0 0 0 0 0 0 0 0 0 0 0 0 0 0 0 0 0 0 0 0 0 0 0 0 0 0 0 0 0 0 0 0 0 0 0 0 0 0 0 0 0 0 0 0 0
32 0 0 3 5 0 1 0 0 0 1 0 0 3 0 1 0 0 4 0 1 0 0 2 0 0 0 0 0 2 0 0 2 0 0 0 0 0 0 0 1 0 0 0 0 0 0 0 0 0 0 0 0 0 0 0 0 0 0 0 0 0 0 0 0 0 0 0 0 0 0 0 0 0 0 0 0 0 0 0 0 0 0 0 0 0 0 0 0 0 0 0 0 0 0 0 0 0 0 0 0
25 0 0 0 0 0 0 0 0 0 0 0 0 0 0 0 0 0 2 0 1 0 0 0 0 0 0 0 0 0 0 0 0 0 0 0 0 1 0 1 0 0 0 0 0 0 0 0 3 0 0 0 0 0 0 0 0 0 0 0 0 0 0 0 0 0 0 0 0 0 0 0 0 0 0 0 0 0 0 0 0 0 0 0 0 0 0 0 0 0 0 0 0 0 0 0 0 0 0 0 0
31 0 1 2 4 0 0 0 0 0 1 0 0 0 1 0 0 0 8 1 1 2 0 3 0 2 0 0 0 0 0 0 3 0 1 1 1 1 0 1 0 0 0 0 0 0 0 0 0 0 0 0 0 0 0 0 0 0 0 0 0 0 1 0 0 0 0 0 0 0 0 0 0 1 0 0 0 0 0 0 0 0 0 0 0 0 0 0 0 0 0 0 0 0 0 0 0 0 0 0 0
20 0 0 2 7 1 0 1 0 0 0 0 0 0 0 0 0 0 6 0 3 0 0 0 1 0 0 1 0 2 0 0 0 0 0 3 0 0 0 1 0 0 0 0 0 0 0 1 0 0 0 0 0 0 0 0 0 0 0 0 0 0 0 0 0 0 0 0 0 0 0 0 0 1 0 0 0 0 0 0 0 0 0 0 0 0 0 0 0 0 0 0 0 0 0 0 0 0 0 0 0
1 0 0 1 0 0 0 0 0 0 0 0 0 0 0 0 0 0 0 0 0 0 0 0 0 0 0 0 0 0 0 0 0 0 0 0 0 0 0 0 0 0 0 0 0 0 0 0 0 0 0 0 0 0 0 0 0 0 0 0 0 0 0 0 0 0 0 0 0 0 0 0 0 0 0 0 0 0 0 0 0 0 0 0 0 0 0 0 0 0 0 0 0 0 0 0 0 0 0 0 0
3 0 1 0 0 0 0 0 0 0 0 1 0 0 0 0 0 0 0 0 0 0 0 0 0 0 0 0 0 0 0 0 0 0 0 0 0 0 0 0 1 0 0 0 0 0 0 0 0 0 0 0 0 0 0 0 0 0 0 0 0 0 0 0 1 0 0 0 0 0 0 0 0 0 0 0 0 0 0 0 0 0 0 0 0 0 0 0 0 0 0 0 0 0 0 0 0 0 0 0 0
54 0 1 1 8 2 1 3 0 0 1 0 1 3 0 0 3 0 5 0 1 1 0 1 1 4 0 0 0 3 0 0 1 2 0 5 0 0 0 0 0 0 0 0 0 2 1 1 3 1 0 0 0 0 2 0 0 2 0 0 0 0 0 0 0 0 0 0 1 0 0 0 0 0 0 0 0 1 0 0 0 0 0 0 0 0 0 0 0 0 0 0 0 1 0 0 1 0 0 2 0
51 0 3 4 5 0 1 3 0 0 3 0 0 2 0 1 1 0 12 0 0 1 0 3 0 4 0 0 0 1 0 0 3 1 1 4 0 1 0 0 0 0 0 0 0 0 0 0 2 0 0 1 0 0 1 0 0 2 0 1 0 0 0 0 0 0 0 0 0 0 0 0 0 0 0 0 0 0 0 0 0 0 0 0 0 0 0 0 0 0 0 0 0 0 0 0 0 0 0 0 0
28 0 1 0 6 0 0 2 2 0 0 1 0 0 0 0 1 0 12 0 1 1 0 0 1 4 0 1 0 1 0 0 0 0 0 4 0 0 0 0 0 0 0 0 0 0 2 1 0 0 0 0 0 0 1 0 0 1 1 1 0 0 0 0 0 0 0 0 0 0 0 0 0 1 0 0 0 0 0 0 0 0 0 0 0 0 0 1 0 0 0 0 0 0 0 0 0 0 0 0 0
38 0 1 1 12 3 0 10 0 1 0 1 0 0 1 0 2 0 2 0 0 1 1 0 1 0 1 0 0 1 0 1 0 1 0 11 1 0 0 0 0 0 2 0 2 0 0 0 0 0 1 0 2 0 1 0 0 4 0 1 0 0 0 0 1 0 0 0 0 0 0 0 0 1 0 0 0 0 0 0 0 0 0 0 0 0 0 0 1 0 0 0 0 0 0 0 0 0 0 0 0
32 0 0 2 8 0 0 4 1 0 0 0 0 0 1 0 0 0 8 1 1 0 0 2 0 3 0 1 0 0 0 0 2 0 0 8 0 0 0 0 0 0 3 1 0 0 1 1 0 0 1 0 1 0 0 0 0 1 0 1 0 0 0 0 1 0 0 0 0 0 0 0 0 0 0 0 1 0 0 0 0 0 0 0 0 0 0 0 0 0 0 0 0 0 0 0 0 0 0 0 0
32 0 0 2 6 0 0 0 1 0 1 0 0 4 1 0 0 0 3 0 1 0 1 1 0 2 0 0 1 2 0 0 0 0 0 2 0 0 0 0 1 0 1 1 0 0 0 1 1 0 0 0 0 3 0 2 0 0 0 0 0 0 0 0 0 0 0 0 0 0 0 0 0 0 0 0 0 0 0 0 0 0 0 0 0 0 0 0 0 0 0 0 0 0 0 0 0 0 0 0 0
40 0 2 2 7 0 1 4 0 0 3 0 0 1 1 0 0 0 3 0 0 0 0 3 0 1 1 0 0 1 0 0 3 0 0 5 0 0 0 0 0 0 1 0 1 0 0 0 0 0 0 0 0 0 0 0 0 1 0 0 0 0 0 0 0 0 0 0 0 0 0 0 0 0 0 1 0 0 0 0 0 0 0 0 0 0 0 0 0 0 0 0 0 0 0 0 0 0 0 0 0
21 0 0 2 0 0 1 0 1 0 1 0 1 0 0 0 0 0 12 0 6 0 0 1 0 2 0 0 0 0 0 0 1 0 0 0 0 0 0 0 0 0 0 0 1 0 0 0 0 0 0 0 0 0 0 0 0 0 0 0 0 0 0 0 0 0 0 0 0 0 0 0 0 0 0 0 0 0 0 0 0 0 0 0 0 0 0 0 0 0 0 0 0 0 0 0 0 0 0 0 0
36 0 1 2 11 2 1 3 0 0 0 0 1 0 0 0 2 0 9 2 2 3 0 2 1 3 0 0 0 1 0 0 2 2 0 4 1 0 1 0 0 0 0 0 0 0 0 2 0 0 0 0 1 0 0 0 0 0 0 0 0 0 0 0 0 0 0 0 0 0 0 0 0 0 0 2 0 2 0 0 0 0 0 0 0 0 0 0 0 0 0 0 0 0 0 0 0 0 0 0 0
37 0 0 1 5 0 0 3 0 0 0 1 0 0 1 0 0 0 3 0 0 0 0 1 0 3 1 0 0 0 0 0 1 0 1 7 0 1 0 1 0 0 1 0 0 0 3 1 3 0 0 0 0 0 0 0 0 0 0 0 0 0 0 0 0 0 0 0 0 0 0 1 0 0 0 0 0 0 0 0 0 0 0 0 0 0 0 0 0 0 0 0 0 0 0 0 0 0 0 0 0
38 0 2 0 12 2 0 5 0 0 0 0 0 2 1 0 0 0 16 0 7 4 0 1 1 1 0 3 0 1 0 0 1 0 0 10 0 0 0 1 0 0 1 1 0 0 0 0 0 0 0 1 1 0 1 0 0 0 0 3 0 0 0 0 0 0 0 0 0 0 0 0 0 0 0 0 0 0 0 0 0 0 0 0 0 0 0 1 0 0 0 0 0 0 0 0 0 0 0 0 0
49 0 0 2 7 0 0 2 1 0 0 0 0 0 0 0 0 0 39 0 26 5 0 0 1 1 0 3 0 3 0 0 0 0 0 5 3 0 0 0 0 0 2 1 0 1 1 0 1 0 1 0 1 0 0 0 0 0 0 0 1 2 0 0 0 0 0 0 0 0 0 0 0 0 0 0 0 0 0 0 0 0 0 0 0 0 0 0 0 0 0 0 0 0 0 0 0 0 0 0 0
9 0 0 1 2 0 0 3 0 0 0 0 0 0 0 0 0 0 3 0 1 0 0 1 0 0 0 0 0 0 0 0 1 0 0 3 0 0 0 0 0 0 0 0 0 0 0 0 0 0 0 0 2 0 0 0 0 2 0 0 0 0 0 0 0 0 0 0 0 0 0 0 0 0 0 0 0 0 0 1 0 0 0 0 0 0 0 0 0 0 0 0 0 0 0 0 0 0 0 0 0
19 0 0 1 4 1 0 1 0 0 0 0 0 0 0 0 0 0 6 0 2 0 0 0 0 0 0 1 0 0 0 0 0 0 0 5 0 0 0 1 0 0 0 1 0 1 0 1 0 0 0 0 0 0 0 0 0 1 0 0 0 0 0 0 0 0 0 0 0 0 0 0 0 0 0 0 0 0 0 0 0 0 0 0 0 0 0 0 0 0 0 0 0 0 0 0 0 0 0 0 0
53 0 0 2 0 0 0 1 0 0 0 0 0 0 0 0 0 0 41 0 40 0 0 0 0 1 0 0 0 0 0 0 0 0 0 1 0 0 0 0 0 0 0 0 0 3 1 0 0 0 0 0 0 0 0 0 0 0 0 0 2 0 0 0 0 0 0 0 0 0 0 0 0 0 0 0 0 2 0 0 0 0 2 0 0 0 0 0 0 0 0 0 0 0 0 0 0 0 0 0 0
58 0 0 1 1 0 0 4 0 0 0 0 0 0 0 0 0 0 50 0 44 0 0 0 0 0 0 0 0 0 0 0 0 0 0 5 0 0 0 0 0 0 0 1 0 0 0 0 0 0 0 0 0 0 0 0 0 2 1 0 3 0 0 0 0 0 0 0 0 0 0 0 0 0 0 0 0 0 0 0 0 0 0 0 0 0 0 0 0 0 0 0 0 0 0 0 0 0 0 0 0
40 0 3 0 4 0 0 5 0 0 7 2 2 0 0 0 1 0 1 3 1 0 0 0 0 6 0 1 0 0 0 1 0 2 0 7 0 0 0 0 0 0 0 0 0 3 1 1 0 0 0 0 2 0 0 0 0 5 0 0 0 0 0 0 0 0 0 0 0 0 0 0 0 0 0 0 0 0 0 0 0 0 0 0 0 0 0 0 0 0 0 0 0 0 0 0 0 0 0 0 0
19 0 0 0 2 0 0 8 0 0 0 2 0 0 0 0 0 0 0 0 0 0 0 0 0 0 0 0 0 0 0 0 0 0 0 9 0 0 0 0 0 0 1 0 0 0 0 0 0 0 0 0 1 0 0 0 0 6 0 0 0 0 0 0 0 0 0 0 1 0 0 0 0 2 0 0 0 0 0 0 0 0 1 0 0 0 0 0 0 0 0 0 0 0 0 0 0 0 0 0 0
2 0 0 0 0 0 0 0 0 0 0 0 0 1 0 0 0 0 0 0 0 0 0 0 0 0 0 0 0 0 0 0 0 0 0 0 0 0 0 0 0 0 0 0 0 0 0 0 0 0 0 0 0 0 0 0 0 0 0 0 0 0 0 0 0 0 0 0 0 0 0 0 0 0 0 0 0 0 0 0 0 0 0 0 0 0 0 0 0 0 0 0 0 0 0 0 0 0 0 0 0
11 0 0 2 5 1 0 2 0 0 0 0 0 1 0 0 0 0 1 0 0 0 0 0 0 0 0 0 0 0 0 0 0 0 0 2 0 0 1 0 0 0 0 1 0 0 0 0 1 0 0 1 0 0 0 0 0 0 0 0 0 0 0 0 0 0 0 0 0 0 0 0 0 0 0 1 0 0 0 0 0 0 0 0 0 0 0 0 0 0 0 0 0 0 0 0 0 0 0 0 0
52 0 0 1 4 1 0 3 1 0 2 0 1 0 1 0 2 0 31 0 18 2 0 2 0 1 0 0 0 1 0 0 2 2 0 4 0 0 0 0 0 0 1 1 0 6 0 0 0 0 0 0 1 0 2 0 0 1 0 0 0 0 0 0 0 0 0 0 0 0 0 0 0 0 0 0 0 0 0 0 0 0 0 0 0 0 0 0 0 0 0 0 0 0 0 0 0 0 0 0 0
33 0 1 3 3 1 0 2 0 0 1 0 0 0 0 0 1 0 2 0 0 1 0 3 0 0 0 0 0 1 0 0 3 0 0 2 0 0 0 0 1 0 0 0 0 1 0 0 1 0 0 0 0 0 0 0 0 2 0 0 0 0 0 0 0 0 0 0 0 0 0 0 0 1 1 0 0 0 0 0 0 0 0 0 0 0 0 0 0 0 0 0 0 0 0 0 0 0 0 0 0
37 0 0 3 6 0 0 2 0 0 0 0 1 4 2 0 0 0 1 0 0 0 1 4 0 3 0 1 0 0 0 1 4 0 0 5 0 1 0 1 0 0 0 0 0 0 0 1 1 0 0 0 0 0 0 0 0 0 0 0 0 0 0 0 0 0 0 0 0 0 0 0 0 0 0 0 0 0 0 0 0 0 0 0 0 0 0 0 0 0 0 0 0 0 0 0 0 0 0 0 0
55 0 0 2 7 1 0 5 0 0 2 0 1 1 0 0 0 0 14 0 0 3 0 4 0 3 0 0 0 1 0 0 4 0 0 6 0 0 0 0 0 0 1 0 3 1 0 1 0 0 1 1 3 0 1 0 0 0 0 0 0 0 0 1 0 0 0 0 0 1 0 0 0 0 0 0 0 0 0 0 0 0 0 0 0 1 0 0 0 0 0 0 0 0 0 0 0 0 0 0 0
21 0 0 4 3 1 0 0 0 0 0 0 1 1 0 0 1 0 4 0 0 0 0 2 0 1 0 1 0 1 0 0 2 1 1 1 0 0 0 0 1 0 0 0 0 0 0 0 0 0 0 0 0 0 0 0 0 0 0 0 0 0 0 0 0 0 0 0 0 0 0 0 0 0 0 0 0 0 0 0 0 0 0 0 0 0 0 0 0 0 0 0 0 0 0 0 0 0 0 0 0
57 3 0 0 39 3 0 4 0 10 0 1 1 0 0 0 3 0 7 0 1 0 1 0 2 3 0 0 0 4 0 0 0 3 0 8 5 0 0 0 0 0 16 0 0 1 1 3 0 3 0 5 1 0 0 0 0 1 0 0 0 4 0 0 0 0 0 0 0 0 0 1 0 0 0 0 0 0 0 1 0 0 0 0 0 0 0 0 0 0 0 0 0 0 0 0 0 0 0 0 0
4 0 1 0 2 0 0 0 0 0 0 0 0 0 0 0 0 0 0 0 0 0 0 0 2 0 0 0 0 2 0 0 0 0 0 0 0 0 0 0 0 0 0 0 0 0 0 0 0 0 0 0 0 0 0 0 0 0 0 0 0 0 0 0 0 0 0 0 0 0 0 0 0 0 0 2 0 0 0 0 0 0 0 0 0 0 0 0 0 0 0 0 0 0 0 0 0 0 0 0 0
20 0 0 3 3 2 1 0 0 0 1 0 0 2 0 0 0 0 1 0 1 1 0 3 0 1 0 0 0 0 0 0 3 0 0 1 1 1 0 1 0 0 0 0 0 0 0 0 0 0 0 0 0 0 0 0 0 0 0 0 0 0 0 0 0 0 0 0 0 0 0 0 0 0 0 0 0 0 0 0 1 0 1 0 0 0 0 0 1 0 0 0 0 0 0 0 0 0 0 0 0
3 0 0 0 1 0 0 0 0 0 0 0 0 0 0 0 0 0 0 0 0 0 0 0 0 1 0 0 0 0 0 0 0 0 0 0 0 0 1 0 0 0 0 0 0 0 0 0 0 0 0 0 0 0 0 0 0 0 0 0 0 0 0 0 0 0 0 0 0 0 0 0 0 0 0 0 0 0 0 0 0 0 0 0 0 0 0 0 0 0 0 0 0 0 0 0 0 0 0 0 0
22 0 0 1 11 0 0 1 0 0 1 0 0 1 0 0 0 0 7 0 0 0 0 0 1 1 0 0 0 4 1 0 0 0 0 2 0 0 0 0 0 0 2 0 1 0 0 0 0 0 0 0 0 0 0 0 0 1 0 0 0 0 0 0 0 0 0 0 0 0 0 0 0 1 0 1 1 0 0 0 0 0 0 0 0 0 0 0 0 0 0 0 0 0 0 0 0 0 0 0 0
33 1 0 1 10 0 0 8 1 2 0 0 1 0 0 0 1 0 8 0 2 0 0 0 1 3 0 2 0 1 0 0 0 1 0 11 0 0 0 0 0 0 0 0 0 0 1 2 3 0 0 0 2 0 0 0 0 1 0 0 0 0 0 0 0 0 0 0 0 0 0 0 0 0 0 0 0 0 0 0 0 0 0 0 0 0 0 0 0 0 0 0 0 1 0 0 0 0 0 0 0
45 0 1 3 12 5 2 0 0 0 1 0 1 2 3 0 1 0 12 1 1 0 0 2 0 3 1 1 0 0 0 0 2 2 0 4 0 2 0 0 0 0 1 5 1 0 0 0 0 0 0 0 0 0 0 0 0 0 0 0 0 0 0 0 0 0 0 0 0 0 0 0 0 0 0 0 0 0 0 0 0 0 0 0 0 0 0 1 0 0 0 0 0 0 0 0 0 0 0 0 0
33 0 0 3 9 1 0 2 0 1 0 1 1 2 0 0 0 0 5 1 0 0 0 6 1 3 0 1 0 1 0 0 5 0 0 7 0 0 0 0 0 0 0 0 0 0 1 3 0 0 0 0 0 0 0 0 0 0 0 0 0 0 0 0 0 1 0 0 0 0 0 0 0 0 0 1 1 0 0 0 0 0 0 0 0 0 0 0 0 0 0 0 0 0 0 0 0 0 0 0 0
52 0 1 1 17 3 2 4 1 0 0 0 3 0 2 1 1 1 18 3 9 1 0 1 1 7 1 2 0 5 0 0 1 0 0 7 0 1 0 1 0 4 1 0 0 0 1 0 0 0 1 1 2 0 0 0 0 0 0 0 0 0 0 0 0 0 0 0 0 0 0 0 0 0 0 0 0 0 0 0 0 0 0 0 0 0 0 0 0 0 0 0 0 0 0 0 0 0 0 0 0
40 0 0 2 6 1 1 6 0 0 0 3 1 1 1 0 0 0 10 1 0 0 0 1 0 3 1 0 1 2 0 0 1 0 0 8 0 0 1 0 0 0 1 0 0 0 0 0 0 0 1 0 1 0 0 0 0 0 0 1 0 0 0 0 0 0 0 0 0 0 0 0 0 1 0 0 0 0 0 0 0 0 0 0 0 0 0 0 0 0 0 0 0 0 0 0 0 0 0 0 0
30 0 0 4 4 0 0 3 0 0 0 2 1 0 1 0 0 0 4 0 1 0 0 6 0 1 2 0 0 0 0 0 6 1 0 4 1 0 1 0 0 0 0 0 0 1 0 0 0 0 0 0 0 0 0 0 0 0 0 0 0 0 0 0 0 0 0 0 0 1 0 0 0 0 0 0 0 0 0 0 0 0 0 0 0 0 0 0 0 0 0 0 0 0 0 0 0 0 0 0 0
54 0 3 1 16 4 2 0 0 0 0 0 1 6 0 0 1 0 5 0 0 0 0 1 0 3 0 1 0 2 0 0 1 0 0 3 0 0 0 1 2 0 0 1 0 0 1 1 0 0 0 0 0 0 0 0 0 0 0 0 0 0 0 0 0 0 0 0 0 0 0 0 0 0 2 0 0 0 0 0 0 0 0 0 0 0 0 0 0 0 0 0 0 0 0 0 0 0 0 0 0
25 0 0 1 2 0 0 0 0 0 0 5 0 1 1 0 0 0 8 0 5 0 0 1 0 0 0 0 0 1 0 0 1 0 0 1 0 0 0 0 0 0 0 0 0 1 0 0 0 0 0 0 0 0 0 0 0 0 0 0 0 0 0 1 0 0 0 0 0 0 0 0 0 0 0 0 0 0 0 0 0 0 0 0 0 0 0 0 0 0 0 0 0 0 0 0 0 0 0 0 0
37 0 0 1 15 5 0 5 0 0 0 0 1 1 0 0 0 0 1 0 0 0 0 0 2 5 0 1 0 3 1 0 0 0 0 7 1 2 0 2 1 2 0 0 1 0 1 1 0 0 1 1 2 0 0 0 0 0 0 0 0 0 0 0 0 0 0 0 0 0 0 0 0 0 0 0 0 0 0 0 0 0 0 0 0 0 0 0 0 0 0 0 0 0 0 0 0 0 0 0 0
43 0 1 3 4 0 0 1 0 0 0 1 0 3 0 1 0 0 7 0 1 0 0 2 0 1 0 0 0 1 0 0 2 0 0 2 0 0 0 0 2 0 0 0 0 0 0 0 0 0 0 0 0 0 0 0 0 0 0 0 0 0 0 0 0 0 0 0 0 0 0 0 0 0 0 0 0 0 0 0 0 0 0 0 0 0 0 0 0 0 0 0 0 0 0 0 0 0 0 0 0
19 0 3 0 7 2 1 1 0 0 0 0 0 0 1 0 1 0 5 0 0 0 0 0 0 1 0 1 1 0 0 0 0 2 0 4 0 0 1 0 0 0 1 1 0 0 0 1 0 0 0 0 0 0 2 0 0 0 0 0 0 0 0 0 0 0 0 0 0 0 0 1 0 0 0 0 0 0 0 0 0 0 0 0 0 0 0 0 0 0 0 0 0 0 0 0 0 0 0 0 0
23 0 1 0 3 0 0 0 0 0 0 0 1 0 0 0 0 0 12 1 5 0 0 0 0 2 0 1 0 0 0 0 0 0 0 1 0 0 0 0 0 0 0 1 0 0 1 0 1 0 0 1 0 0 0 0 0 0 0 0 1 0 0 0 0 0 0 0 0 0 0 0 0 0 0 0 0 0 0 0 0 0 0 0 0 0 0 0 0 0 0 0 0 0 0 0 0 0 0 0 0
13 0 1 2 0 0 0 0 0 0 0 0 0 1 0 1 0 0 2 0 0 0 0 2 0 0 0 0 0 0 0 0 2 0 0 0 0 0 1 0 0 0 0 0 0 0 0 0 0 0 0 0 0 0 0 0 0 0 0 0 0 0 0 0 1 0 0 0 0 0 0 0 0 0 0 0 0 0 0 0 0 0 0 0 0 0 0 0 0 0 0 0 0 0 0 0 0 0 0 0 0
30 0 0 0 10 5 0 4 0 0 0 8 0 0 1 0 0 0 1 0 0 0 0 0 0 0 1 0 0 1 0 0 0 0 0 6 0 0 0 0 0 5 0 0 0 1 0 1 1 0 0 0 0 0 0 0 0 0 0 0 0 1 0 0 0 0 0 0 0 0 0 0 0 0 0 0 0 0 0 0 0 0 0 0 0 0 0 0 0 0 0 0 0 1 0 0 0 2 0 0 0
9 0 0 2 2 0 0 0 0 0 0 0 0 0 0 0 0 0 1 0 0 0 0 2 0 0 1 0 0 0 0 0 2 0 0 0 0 0 0 0 0 0 1 0 0 0 0 0 0 0 0 0 0 0 0 0 0 0 0 0 0 0 0 0 0 0 0 0 0 0 0 0 0 0 0 1 0 0 0 0 0 0 0 0 0 0 0 0 0 0 0 0 0 0 0 0 0 0 0 0 0
32 0 0 2 1 0 0 0 0 0 0 0 0 1 0 0 0 0 19 0 12 5 0 0 0 0 0 1 0 0 0 0 0 0 0 1 0 0 0 0 0 0 0 0 0 3 0 0 2 0 0 0 0 0 0 0 1 0 0 0 0 0 0 0 0 0 0 0 0 0 0 0 0 0 0 0 0 0 0 0 0 0 0 0 0 0 0 0 0 0 0 0 0 0 0 0 0 0 0 0 0
46 0 0 2 9 1 0 0 0 0 0 0 2 4 2 0 0 0 5 1 4 1 0 3 0 5 3 1 0 2 0 0 3 0 0 3 0 0 0 1 1 0 0 0 0 1 1 0 2 0 0 0 0 0 0 0 0 0 0 0 0 0 0 0 0 0 0 0 0 0 0 0 0 0 1 0 0 0 0 0 0 0 0 0 0 0 0 0 0 0 0 0 0 0 0 0 0 1 0 0 0
32 0 0 3 0 0 0 1 0 0 0 0 0 1 0 0 0 0 0 0 0 0 0 2 0 1 0 0 0 0 0 0 2 0 0 1 0 1 1 0 0 0 0 0 0 0 1 0 2 0 0 0 0 0 0 0 0 0 0 0 0 0 0 0 1 0 0 0 0 0 0 0 0 1 0 0 0 0 0 0 0 0 0 0 0 0 0 0 0 0 0 0 0 0 0 0 0 0 0 0 0
13 0 0 2 3 1 0 0 0 0 0 0 0 2 0 0 0 0 0 0 0 0 0 2 0 1 0 0 0 1 0 0 2 0 0 0 0 0 0 0 0 1 0 0 0 0 1 0 0 0 0 0 0 0 0 0 0 0 0 0 0 0 0 1 0 0 0 0 0 0 0 0 0 0 0 0 0 0 0 0 0 0 0 0 0 0 0 0 0 0 0 0 0 0 0 0 0 0 0 0 0
