1.569999999999999929e+01
1.910000000000000142e+01
2.039999999999999858e+01
2.000000000000000000e+01
1.569999999999999929e+01
2.269999999999999929e+01
2.180000000000000071e+01
1.950000000000000000e+01
2.080000000000000071e+01
1.969999999999999929e+01
1.930000000000000071e+01
1.910000000000000142e+01
2.030000000000000071e+01
1.989999999999999858e+01
1.960000000000000142e+01
1.619999999999999929e+01
1.689999999999999858e+01
2.100000000000000000e+01
1.880000000000000071e+01
1.939999999999999858e+01
1.960000000000000142e+01
1.780000000000000071e+01
1.780000000000000071e+01
1.980000000000000071e+01
1.710000000000000142e+01
1.900000000000000000e+01
1.930000000000000071e+01
1.819999999999999929e+01
2.539999999999999858e+01
2.069999999999999929e+01
2.080000000000000071e+01
2.150000000000000000e+01
2.319999999999999929e+01
2.169999999999999929e+01
2.030000000000000071e+01
2.430000000000000071e+01
2.160000000000000142e+01
2.339999999999999858e+01
2.539999999999999858e+01
2.180000000000000071e+01
2.410000000000000142e+01
2.219999999999999929e+01
2.330000000000000071e+01
2.100000000000000000e+01
2.150000000000000000e+01
2.119999999999999929e+01
2.319999999999999929e+01
2.180000000000000071e+01
2.189999999999999858e+01
2.119999999999999929e+01
2.050000000000000000e+01
1.989999999999999858e+01
2.010000000000000142e+01
2.000000000000000000e+01
2.100000000000000000e+01
2.019999999999999929e+01
2.119999999999999929e+01
2.160000000000000142e+01
2.180000000000000071e+01
2.180000000000000071e+01
2.169999999999999929e+01
2.150000000000000000e+01
2.080000000000000071e+01
2.150000000000000000e+01
1.930000000000000071e+01
2.089999999999999858e+01
1.980000000000000071e+01
2.169999999999999929e+01
2.010000000000000142e+01
2.050000000000000000e+01
1.969999999999999929e+01
2.030000000000000071e+01
2.030000000000000071e+01
2.130000000000000071e+01
2.069999999999999929e+01
2.060000000000000142e+01
2.069999999999999929e+01
1.889999999999999858e+01
1.989999999999999858e+01
2.000000000000000000e+01
1.980000000000000071e+01
1.930000000000000071e+01
1.519999999999999929e+01
1.939999999999999858e+01
2.050000000000000000e+01
2.060000000000000142e+01
2.139999999999999858e+01
2.069999999999999929e+01
1.960000000000000142e+01
1.969999999999999929e+01
1.889999999999999858e+01
2.019999999999999929e+01
1.950000000000000000e+01
2.039999999999999858e+01
1.960000000000000142e+01
1.960000000000000142e+01
1.930000000000000071e+01
2.050000000000000000e+01
2.100000000000000000e+01
1.960000000000000142e+01
2.130000000000000071e+01
2.039999999999999858e+01
2.300000000000000000e+01
1.980000000000000071e+01
2.319999999999999929e+01
2.230000000000000071e+01
2.210000000000000142e+01
2.339999999999999858e+01
2.239999999999999858e+01
2.310000000000000142e+01
2.080000000000000071e+01
2.700000000000000000e+01
2.660000000000000142e+01
1.950000000000000000e+01
2.150000000000000000e+01
2.089999999999999858e+01
3.030000000000000071e+01
2.030000000000000071e+01
2.600000000000000000e+01
2.550000000000000000e+01
2.430000000000000071e+01
2.319999999999999929e+01
2.160000000000000142e+01
3.000000000000000000e+01
2.539999999999999858e+01
2.269999999999999929e+01
2.389999999999999858e+01
2.260000000000000142e+01
2.210000000000000142e+01
2.200000000000000000e+01
2.239999999999999858e+01
2.260000000000000142e+01
2.360000000000000142e+01
2.050000000000000000e+01
2.519999999999999929e+01
2.239999999999999858e+01
2.800000000000000000e+01
1.939999999999999858e+01
1.850000000000000000e+01
2.280000000000000071e+01
2.319999999999999929e+01
2.969999999999999929e+01
3.080000000000000071e+01
2.460000000000000142e+01
2.589999999999999858e+01
2.700000000000000000e+01
2.260000000000000142e+01
2.439999999999999858e+01
2.450000000000000000e+01
2.930000000000000071e+01
2.360000000000000142e+01
2.539999999999999858e+01
2.650000000000000000e+01
2.310000000000000142e+01
2.230000000000000071e+01
2.260000000000000142e+01
3.119999999999999929e+01
2.560000000000000142e+01
2.369999999999999929e+01
2.210000000000000142e+01
2.560000000000000142e+01
2.769999999999999929e+01
2.660000000000000142e+01
2.530000000000000071e+01
2.600000000000000000e+01
2.739999999999999858e+01
2.580000000000000071e+01
2.460000000000000142e+01
2.700000000000000000e+01
2.869999999999999929e+01
3.130000000000000071e+01
2.819999999999999929e+01
2.800000000000000000e+01
2.660000000000000142e+01
3.000000000000000000e+01
2.819999999999999929e+01
3.050000000000000000e+01
3.479999999999999716e+01
4.089999999999999858e+01
3.100000000000000000e+01
3.350000000000000000e+01
3.080000000000000071e+01
3.410000000000000142e+01
3.710000000000000142e+01
3.500000000000000000e+01
3.320000000000000284e+01
3.379999999999999716e+01
3.200000000000000000e+01
3.270000000000000284e+01
3.229999999999999716e+01
3.289999999999999858e+01
2.989999999999999858e+01
3.139999999999999858e+01
3.160000000000000142e+01
3.060000000000000142e+01
3.160000000000000142e+01
3.400000000000000000e+01
3.270000000000000284e+01
3.239999999999999858e+01
2.810000000000000142e+01
3.160000000000000142e+01
3.210000000000000142e+01
3.489999999999999858e+01
2.530000000000000071e+01
2.730000000000000071e+01
3.050000000000000000e+01
2.639999999999999858e+01
3.300000000000000000e+01
2.880000000000000071e+01
3.500000000000000000e+01
3.539999999999999858e+01
2.689999999999999858e+01
2.560000000000000142e+01
