predict_all true_all
26963.1472954046 33852
23391.6240597654 26985
32828.1633570403 34761
26944.9800966888 25612
45095.3148421786 37792
23077.4722360344 29080
28541.6700865716 33813
21482.1302729412 19737
23535.295762557 24797
24732.4485608494 25319
21118.058861766 15846
20873.8917147735 21894
25817.357893953 33953
20761.962021094 34975
18037.5556944504 17246
22240.6767797774 23545
17912.5192502181 16558
12585.1189496525 6993
8151.5209507834 8331
14593.4187753553 12976
16278.993236277 13070
18477.1547815832 18528
30030.6635376337 27740
25002.3138989371 34626
26298.4640646232 27181
17600.2940288497 14016
24183.3394869786 22625
13898.483609481 16231
18747.9399589393 15978
39846.1424632103 32285
37118.2645686363 32917
42783.0233925594 75824
19082.5604969101 18784
19580.3261797546 15982
27710.302010126 38995
24840.6080115828 22018
40609.4131035153 52171
31308.2379357273 29696
45549.1402586416 44497
28520.838125097 28066
27516.9670176129 28039
40830.6063219023 42940
39885.5103454542 26841
23779.7031568218 22808
19066.4825388208 18815
20749.583501412 28121
22175.1308435679 26785
25819.1820166295 27085
26109.8616073364 27827
28856.32330966 26260
27121.9867937847 28626
40253.9320112983 44074
32994.9495415763 37317
42532.5865126683 46505
35472.973384082 39027
42225.2663973311 41151
19759.8782867621 26260
39268.6200832634 34464
11340.8776936634 9875
11688.9833958865 10722
14130.9741462042 12093
12357.9163992402 8865
16506.3764565521 10291
12954.5156852653 10564
9767.93970683954 11773
13350.1357520096 11569
16318.9235524888 12149
19076.7672101773 15517
14692.4344118945 13041
21532.9088761079 18027
17952.8367049165 15580
19505.3496075834 20262
17516.3680639354 18252
17629.7212450789 20314
18637.9376704552 19632
20223.878843083 18208
16412.2582509482 13111
19816.7923452335 22626
18942.1684844276 23741
23382.5849861557 22752
17049.1441522891 27772
16029.2537569621 19112
14765.9472826065 15001
18098.7298866664 12282
12818.0667300997 16250
14455.4738187489 18375
11513.1500535846 12031
15451.0046510728 15946
14383.506464464 12591
17417.249013283 13920
14151.4692624052 11460
18422.1520376515 12998
16445.3641391958 12160
20896.002655226 14895
20020.0098215807 18647
21994.4553553382 21968
14100.370325525 18306
19022.9685726632 17943
16096.0828751665 17536
20391.7435941434 20571
22546.7983804167 20770
21261.5370684135 14764
14967.7686613667 11961
14637.5427414764 14013
12701.7088339266 11743
17019.3005382603 13084
13738.5041722575 12368
17897.5220960893 14498
22093.9299154681 8233
17109.9187050179 14991
13871.7178385523 14026
16506.063035918 14711
16644.3860316991 14762
16375.1510107968 14042
14150.2243455887 13472
11270.0820490367 11558
13070.9285904904 18422
17071.2403298351 16294
15497.6601544128 15292
21584.6141024255 15848
17499.3979566765 15735
21256.759692255 16692
13243.0921590263 10147
10964.8084631469 15179
11782.1368010622 14584
15189.3534668003 15675
13019.942025812 8856
11599.9116102627 15642
14972.3724583021 9550
14028.6927410512 15029
14090.8176564831 13408
14077.9633401229 13646
15009.7260722285 11634
17273.2627173776 11295
15737.6949577087 12830
17179.6715926061 12614
14829.2634983137 12018
14905.9904716931 8876
19715.4365880166 8489
16699.2115005271 14494
16143.649338567 13437
14237.7848678432 13865
21760.1374525645 14452
19440.6044059497 22107
16881.3825251755 13983
10352.1733086209 9567
12049.3612290876 10539
12261.0905653679 11019
15057.270264483 9056
12183.5129208973 8043
11488.1980645149 11887
11529.0856739598 14640
13668.7089846161 13682
12234.7621018846 11486
11712.0670156911 9063
13776.6352655066 11140
13786.9195675432 10485
14297.6450053509 11209
11462.7927348379 10581
8553.98342792617 13694
12878.9161146076 11787
12952.617549294 10062
13686.2689843219 10826
17211.1028316398 11814
14465.8321266873 14598
14925.6167316184 11577
13015.5830657897 10180
16751.4682357473 15256
15884.0064081846 14044
16135.6874831412 12291
18354.3977046226 16571
14048.9178181289 16526
32743.0686808681 29586
17570.0570575441 18301
20642.7095437305 18845
21720.9745915289 22753
26342.8922697245 21936
19751.8599074462 24926
31715.5037149814 27412
17859.5213101102 19457
22197.988396535 18979
23284.5209992963 20878
21585.0380594929 24715
34830.6453084164 36162
28246.7783256471 29499
29581.4814652329 32152
16259.0809195016 25528
16725.5558650364 24486
16488.4105163226 15119
22768.5158443592 19531
18460.6607611337 15126
20562.271188096 12132
20034.6659589711 17938
17609.5746212529 17921
11468.7763363692 11649
21861.0781945551 21530
22789.4160215481 19431
23262.6105658618 21965
31650.6175284063 30065
26580.5855581268 21097
15911.4497830895 19189
16441.9811578839 16510
26705.1100784885 23607
23566.7121894086 20058
30710.1490723759 26058
20713.603432605 16926
34176.130534593 32852
36216.8156728642 39207
32160.7843734932 30324
26589.7763075598 24729
24592.6512969502 13784
25012.1231933943 19886
23081.8726262247 23779
27248.3172365361 28739
24222.4127442085 25751
26622.1238318082 22155
24558.2434757316 27516
25296.5492837298 25604
21811.8216536772 21037
22989.2094312531 15029
34779.2690204813 32240
24996.5630404105 23852
21559.0057183461 24795
35834.925721472 31616
34860.5876459149 31310
29791.2200131267 24836
19289.8912065777 18931
19238.9698896438 20463
31878.3517421769 28015
37047.6808865948 31979
28511.6552085924 26636
38663.4705829185 30946
27537.7437276789 23379
30633.1038393154 29083
26895.8757611804 25033
26285.2154596216 20459
20373.2900745688 20306
25743.3536269868 22586
33446.3521647365 27821
37184.2036249198 25708
18799.6887737683 21104
35083.2827488878 33321
26568.9562699464 27362
27739.8167704714 30866
29540.9019581005 33759
28759.7255836172 31634
32413.6586491804 32362
32939.5663772554 27788
26188.9322083609 25385
30684.8581808355 14460
26223.5980095273 27933
37200.1743541482 32556
25166.6886068608 27156
25991.2098746292 25231
30391.1871054788 40229
30830.1974208629 28627
35808.8968950928 27081
45906.0714818159 58169
32089.9822399984 35423
42848.210789014 46302
45784.2357691327 44857
45286.1187705281 46885
15773.2418694521 17597
22466.2173499084 34775
36215.7817475637 35667
16761.0108235148 20393
19969.9700711702 23080
17429.3898104903 18254
14883.7709441321 13444
14749.5164401577 16746
13215.2594800401 13483
17181.9534268907 23881
21294.3516396781 18239
22010.5575574971 24972
17028.082658872 18421
15697.0051374624 12436
14410.7487016687 12643
15635.7513967665 16181
35341.7379005625 34267
29168.3870985807 26972
33406.3119110694 38698
19814.6264319471 21888
43993.3178618261 36336
48480.0794073832 54813
21252.4857752436 20865
24847.5970484348 20875
22991.8026273853 20856
37258.788776335 38138
57382.6312886783 71652
44069.861632036 39421
35136.025890681 40899
52985.4810698216 70732
42912.0123253636 42366
53953.0186152526 72862
50162.8047180433 46162
47776.9573225319 61274
44360.4830214155 67566
37644.7863556176 58680
43149.2999192734 39912
44508.5366586656 42767
38698.0618658589 51617
34433.9410094176 38580
35196.2259776038 42535
45880.3255481219 52850
30367.0889954677 35900
12948.1408278068 16172
25508.6149911634 20858
25612.3542097297 52046
19884.6550536073 21364
39951.7874442095 58372
17754.3243240389 19156
