48029120902
48029121000
48029121108
48029121120
48029121121
48029121110
48029121122
48029121203
48029121111
48029121204
48029121205
48029121206
48029121300
48029110100
48029121402
48029110300
48029121403
48029110500
48029110600
48029121404
48029110700
48029110800
48029121501
48029110900
48029121504
48029121508
48029121802
48029111000
48029120100
48029121117
48029121118
48029120400
48029120501
48029120502
48029120600
48029120701
48029120702
48029121119
48029120800
48029120901
48029121112
48029121115
48029121116
48029121803
48029121804
48029121808
48029121809
48029121810
48029121811
48029121812
48029121813
48029121903
48029121904
48029121905
48029121906
48029121907
48029121909
48029121910
48029130200
48029130300
48029130401
48029130402
48029130500
48029130600
48029130700
48029130800
48029130900
48029131000
48029131100
48029131200
48029131300
48029131401
48029131402
48029131504
48029131505
48029131506
48029131507
48029131606
48029131609
48029131615
48029131802
48029140100
48029140200
48029140300
48029140400
48029140500
48029140600
48029140700
48029140800
48029140900
48029141000
48029141101
48029141102
48029141200
48029141300
48029141402
48029141403
48029141404
48029141600
48029141700
48029141900
48029150100
48029150300
48029150400
48029150501
48029150502
48029150600
48029150700
48029150800
48029150900
48029151000
48029151100
48029151200
48029151301
48029151302
48029151400
48029151500
48029151600
48029151700
48029151900
48029152000
48029152100
48029160100
48029160200
48029160300
48029160400
48029160501
48029160502
48029160600
48029160701
48029160702
48029160901
48029160902
48029161000
48029161100
48029161200
48029161302
48029161303
48029161304
48029161501
48029161503
48029161504
48029161600
48029161801
48029161802
48029170101
48029170102
48029170200
48029170300
48029170401
48029170402
48029170500
48029170600
48029170700
48029170800
48029170900
48029171000
48029171100
48029171200
48029171301
48029171302
48029171401
48029171402
48029171501
48029171502
48029171601
48029171602
48029171700
48029171801
48029171802
48029171902
48029171903
48029171912
48029171913
48029171914
48029171915
48029171916
48029171917
48029171918
48029171919
48029171920
48029171922
48029171923
48029171924
48029171925
48029172007
48029180101
48029180102
48029180201
48029180202
48029180300
48029180400
48029180501
48029180503
48029180504
48029180602
48029180603
48029180604
48029180701
48029180702
48029180901
48029180902
48029181001
48029181003
48029181004
48029181005
48029181100
48029181200
48029181301
48029181302
48029181303
48029181402
48029181403
48029181404
48029181503
48029181504
48029181505
48029181506
48029181601
48029181602
48029181703
48029181704
48029181705
48029181711
48029181712
48029181713
48029181715
48029181716
48029181718
48029181720
48029181721
48029181722
48029181723
48029181724
48029181725
48029181727
48029181728
48029181730
48029181731
48029181808
48029181809
48029181811
48029181813
48029181814
48029181815
48029181816
48029181817
48029181818
48029181819
48029181820
48029181821
48029181822
48029181823
48029181824
48029181825
48029181826
48029181901
48029181902
48029182001
48029182002
48029182003
48029182102
48029190100
48029190200
48029190400
48029190501
48029190503
48029190504
48029190601
48029190603
48029190604
48029190700
48029190901
48029190902
48029191003
48029191004
48029191005
48029191006
48029191201
48029191202
48029191303
48029191304
48029191405
48029191406
48029191408
48029191409
48029191410
48029191411
48029191412
48029191413
48029191503
48029191505
48029191506
48029191701
48029191702
48029191806
48029191807
48029191808
48029191809
48029191811
48029191812
48029191813
48029191815
48029191816
48029191817
48029191900
48029192000
48029192100
48029192200
48029192300
48029980100