2.839999999999999858e+01
3.000000000000000000e+01
2.750000000000000000e+01
2.739999999999999858e+01
2.730000000000000071e+01
2.750000000000000000e+01
2.669999999999999929e+01
3.460000000000000142e+01
3.039999999999999858e+01
3.119999999999999929e+01
3.689999999999999858e+01
3.069999999999999929e+01
2.930000000000000071e+01
3.289999999999999858e+01
3.410000000000000142e+01
3.579999999999999716e+01
3.460000000000000142e+01
4.420000000000000284e+01
4.260000000000000142e+01
3.939999999999999858e+01
4.000000000000000000e+01
3.470000000000000284e+01
2.680000000000000071e+01
3.289999999999999858e+01
2.869999999999999929e+01
3.920000000000000284e+01
3.200000000000000000e+01
3.670000000000000284e+01
2.300000000000000000e+01
2.630000000000000071e+01
2.719999999999999929e+01
1.889999999999999858e+01
3.400000000000000000e+01
3.620000000000000284e+01
2.739999999999999858e+01
3.089999999999999858e+01
2.260000000000000142e+01
2.850000000000000000e+01
2.339999999999999858e+01
3.119999999999999929e+01
3.000000000000000000e+01
2.560000000000000142e+01
2.880000000000000071e+01
3.100000000000000000e+01
3.270000000000000284e+01
2.850000000000000000e+01
2.919999999999999929e+01
2.900000000000000000e+01
2.710000000000000142e+01
2.869999999999999929e+01
3.089999999999999858e+01
2.489999999999999858e+01
2.510000000000000142e+01
2.400000000000000000e+01
2.569999999999999929e+01
2.560000000000000142e+01
2.939999999999999858e+01
2.610000000000000142e+01
4.210000000000000142e+01
4.410000000000000142e+01
4.100000000000000000e+01
4.360000000000000142e+01
4.529999999999999716e+01
4.420000000000000284e+01
4.160000000000000142e+01
4.250000000000000000e+01
4.000000000000000000e+01
4.129999999999999716e+01
4.189999999999999858e+01
3.670000000000000284e+01
3.839999999999999858e+01
3.520000000000000284e+01
3.789999999999999858e+01
3.650000000000000000e+01
3.420000000000000284e+01
3.360000000000000142e+01
3.960000000000000142e+01
3.089999999999999858e+01
3.439999999999999858e+01
3.100000000000000000e+01
2.780000000000000071e+01
3.770000000000000284e+01
3.710000000000000142e+01
3.960000000000000142e+01
3.600000000000000000e+01
3.500000000000000000e+01
3.939999999999999858e+01
3.610000000000000142e+01
3.789999999999999858e+01
3.779999999999999716e+01
3.879999999999999716e+01
3.950000000000000000e+01
3.810000000000000142e+01
3.629999999999999716e+01
3.410000000000000142e+01
3.300000000000000000e+01
3.310000000000000142e+01
3.370000000000000284e+01
3.260000000000000142e+01
3.350000000000000000e+01
3.060000000000000142e+01
3.879999999999999716e+01
3.939999999999999858e+01
3.820000000000000284e+01
3.970000000000000284e+01
3.679999999999999716e+01
3.889999999999999858e+01
3.850000000000000000e+01
4.139999999999999858e+01
3.710000000000000142e+01
3.929999999999999716e+01
3.700000000000000000e+01
3.700000000000000000e+01
3.739999999999999858e+01
3.600000000000000000e+01
3.970000000000000284e+01
3.589999999999999858e+01
3.539999999999999858e+01
3.539999999999999858e+01
3.610000000000000142e+01
3.570000000000000284e+01
3.779999999999999716e+01
4.239999999999999858e+01
3.670000000000000284e+01
3.610000000000000142e+01
3.670000000000000284e+01
4.200000000000000000e+01
3.629999999999999716e+01
4.139999999999999858e+01
3.729999999999999716e+01
3.820000000000000284e+01
3.839999999999999858e+01
3.879999999999999716e+01
4.020000000000000284e+01
3.700000000000000000e+01
3.910000000000000142e+01
3.839999999999999858e+01
4.160000000000000142e+01
4.129999999999999716e+01
3.520000000000000284e+01
3.660000000000000142e+01
3.579999999999999716e+01
3.620000000000000284e+01
3.019999999999999929e+01
3.720000000000000284e+01
4.279999999999999716e+01
3.770000000000000284e+01
4.020000000000000284e+01
4.050000000000000000e+01
4.279999999999999716e+01
4.039999999999999858e+01
3.610000000000000142e+01
3.789999999999999858e+01
4.029999999999999716e+01
4.470000000000000284e+01
3.929999999999999716e+01
4.100000000000000000e+01
3.960000000000000142e+01
4.050000000000000000e+01
3.860000000000000142e+01
3.180000000000000071e+01
3.929999999999999716e+01
3.770000000000000284e+01
4.089999999999999858e+01
3.900000000000000000e+01
3.900000000000000000e+01
3.970000000000000284e+01
3.639999999999999858e+01
3.729999999999999716e+01
3.860000000000000142e+01
3.289999999999999858e+01
3.350000000000000000e+01
2.819999999999999929e+01
3.489999999999999858e+01
3.300000000000000000e+01
3.189999999999999858e+01
3.089999999999999858e+01
2.880000000000000071e+01
2.880000000000000071e+01
3.360000000000000142e+01
3.220000000000000284e+01
3.289999999999999858e+01
3.019999999999999929e+01
2.750000000000000000e+01
2.919999999999999929e+01
2.789999999999999858e+01
3.229999999999999716e+01
3.210000000000000142e+01
3.829999999999999716e+01
3.439999999999999858e+01
3.750000000000000000e+01
3.579999999999999716e+01
3.650000000000000000e+01
3.489999999999999858e+01
4.070000000000000284e+01
3.110000000000000142e+01
3.429999999999999716e+01
3.250000000000000000e+01
2.610000000000000142e+01
3.100000000000000000e+01
3.370000000000000284e+01
3.439999999999999858e+01
3.289999999999999858e+01
3.010000000000000142e+01
2.600000000000000000e+01
3.660000000000000142e+01
2.830000000000000071e+01
2.560000000000000142e+01
2.580000000000000071e+01
2.680000000000000071e+01
3.279999999999999716e+01
2.830000000000000071e+01
2.780000000000000071e+01
2.000000000000000000e+01
2.680000000000000071e+01
2.739999999999999858e+01
2.680000000000000071e+01
2.910000000000000142e+01
3.300000000000000000e+01
3.600000000000000000e+01
2.660000000000000142e+01
3.030000000000000071e+01
2.930000000000000071e+01
2.839999999999999858e+01
2.880000000000000071e+01
3.039999999999999858e+01
3.119999999999999929e+01
3.069999999999999929e+01
2.810000000000000142e+01
2.600000000000000000e+01
2.900000000000000000e+01
2.830000000000000071e+01
3.200000000000000000e+01
2.660000000000000142e+01
3.289999999999999858e+01
3.270000000000000284e+01
2.830000000000000071e+01
3.019999999999999929e+01
2.960000000000000142e+01
3.089999999999999858e+01
3.119999999999999929e+01
2.719999999999999929e+01
2.639999999999999858e+01
2.460000000000000142e+01
2.560000000000000142e+01
2.669999999999999929e+01
2.569999999999999929e+01
2.950000000000000000e+01
2.610000000000000142e+01
2.369999999999999929e+01
2.500000000000000000e+01
2.710000000000000142e+01
2.560000000000000142e+01
2.719999999999999929e+01
2.550000000000000000e+01
2.630000000000000071e+01
2.400000000000000000e+01
2.560000000000000142e+01
2.480000000000000071e+01
2.489999999999999858e+01
2.389999999999999858e+01
2.500000000000000000e+01
3.629999999999999716e+01
2.880000000000000071e+01
2.030000000000000071e+01
3.239999999999999858e+01
3.400000000000000000e+01
3.489999999999999858e+01
3.560000000000000142e+01
3.620000000000000284e+01
3.720000000000000284e+01
3.300000000000000000e+01
3.300000000000000000e+01
3.200000000000000000e+01
3.429999999999999716e+01
3.779999999999999716e+01
3.820000000000000284e+01
3.639999999999999858e+01
2.830000000000000071e+01
2.889999999999999858e+01
2.760000000000000142e+01
3.529999999999999716e+01
2.710000000000000142e+01
2.500000000000000000e+01
3.060000000000000142e+01
3.260000000000000142e+01
3.030000000000000071e+01
2.439999999999999858e+01
2.450000000000000000e+01
2.569999999999999929e+01
2.439999999999999858e+01
2.500000000000000000e+01
2.660000000000000142e+01
2.450000000000000000e+01
2.389999999999999858e+01
2.269999999999999929e+01
2.580000000000000071e+01
2.410000000000000142e+01
2.689999999999999858e+01
2.460000000000000142e+01
2.560000000000000142e+01
2.500000000000000000e+01
2.439999999999999858e+01
2.600000000000000000e+01
2.419999999999999929e+01
4.089999999999999858e+01
3.139999999999999858e+01
2.869999999999999929e+01
3.150000000000000000e+01
2.439999999999999858e+01
2.200000000000000000e+01
