predict_all true_all
16736.7547772299 18380
15996.4768792428 15909
22760.8253118529 24902
32214.3561616468 41564
34596.2808546871 25029
62850.5371510073 46148
25230.2651090706 17801
25231.7737409727 20805
57386.5071140259 35302
59982.4088342334 29157
37806.8506521194 29264
37724.0018086432 38664
34269.6521575269 22143
40628.1294742163 25730
30945.9866198198 28895
20224.2147881111 29386
34362.50557443 25797
28687.1781176805 45157
28816.0314963761 30233
32124.1917519342 17112
27145.3265016851 13386
20358.8799115777 14062
32457.2244546207 24155
18245.3082343441 12905
21549.276582335 12240
35017.3877044698 16894
21882.7963042456 12527
14519.0321171312 13083
21889.6081461062 14632
11126.5249937957 12572
8715.19700333824 12899
12746.0798109878 13886
12733.4332321942 12153
13528.6068500181 13653
19400.3191434398 8167
19641.506355317 11607
28023.5720336611 16520
13311.520646554 13787
22446.0837874646 12120
14886.4122248804 12963
22845.0580325493 28025
14592.4781948857 18771
40632.743304145 28095
22434.859886016 20889
21856.4865226509 22061
17608.1006022449 15414
18730.8257255117 16305
17040.2775216762 17352
25965.9577117402 23513
21295.3031724725 14588
21312.7151415296 13488
25837.3716241155 25675
14964.5397306553 17188
50140.1648913009 36861
21011.6973425267 16841
35678.2331290307 43815
38229.5393228488 33872
42114.0110860013 45263
67338.1576690424 39738
30771.697696543 28649
21647.1818146191 12976
24782.7124184236 26693
17860.309686537 18094
39878.8920355614 49609
55348.7774597626 37181
47172.4455950078 48216
42584.4005866122 38826
44538.5097681406 40975
52618.7189965637 46685
20332.8387228129 21424
30786.8253726399 28749
36276.6836012122 25948
25821.7424601688 22881
23756.7398008347 15529
34292.5841085326 22541
29417.947276912 21900
28038.1900313225 23643
28259.8287067202 25290
28842.1989142321 32155
33632.691909768 31092
31356.2347657282 30692
27040.693802835 30935
44856.4018195109 48572
34014.9908995333 31468
40841.1662634836 36305
22388.7099477446 25539
28438.0561200492 30285
28966.7298548104 29398
33338.9290169295 33377
56963.5489889047 45863
38556.7218881299 49932
21925.2040070467 31618
20460.8602711011 32921
43441.1266056804 35654
34101.029556269 42897
26602.7073364208 17144
26109.4581954878 20045
34271.6942272715 49576
31424.3509092959 39402
27836.3838859984 33713
24698.0747144499 25429
31115.5762850575 38994
23355.2509487734 26147
22574.9483414612 17812
31187.0844636032 24331
40743.9869102664 47096
10880.0850710397 5599
42856.6514673634 28826
28967.6532146391 25166
40795.4968432797 26106
35268.5728408383 33932
16068.307773012 15482
32883.4084048902 26695
24027.6508151012 18823
23860.5353657162 18610
18403.1049032997 23181
28908.1998211163 25039
22988.4164057588 14278
18606.592225986 31865
35805.025645995 31465
26451.9039348739 31046
30220.4560285113 28298
23156.8242111004 29277
14036.3424586389 9966
12833.3932050281 9382
9635.62920811993 11616
18572.7387591293 12104
14653.8823443348 13417
15272.837551118 13947
27038.2867422692 18488
12884.6396173953 16161
26729.5404497887 16661
17090.7874158047 15051
19917.5137622932 17820
21189.4658169768 13883
11583.3435353337 9597
20717.3972531244 16706
19437.3680547063 11928
24379.9480419444 17432
27363.267715155 23590
30539.9479980185 18689
35467.4781531491 18198
28960.0294757227 15469
18075.3614741622 11111
18287.0055300196 8420
12361.4159451395 8481
16028.7903564601 13550
31804.5398432099 13160
18986.1853168674 10880
12760.0702249553 10444
23684.3486102647 12456
27462.4910654761 20468
21823.9249832701 16202
26273.6642822142 20532
16664.6199696903 18746
22083.1131318165 17469
23310.2433978953 27455
23839.8153610382 17341
19760.295133832 15786
14386.7992063622 13661
18879.4518191845 27686
14967.0432945117 15799
20833.8747981292 16627
15835.1217641677 16902
21531.0725762449 21422
17064.0772596805 15016
26882.9398072364 15046
20922.8243880275 12409
19151.2046687545 14301
14016.4279527281 11027
14391.6572254479 15385
15557.3007105604 13613
13185.1334463388 15645
21490.7457638063 21393
26727.3746086364 23765
17227.1511304332 12071
23849.6715990122 16321
15322.7358067711 15008
15281.2131346436 13989
19801.2228065295 24287
22014.8290855708 17152
15741.4974001355 17119
20191.2748440377 16151
23915.3663856119 16254
23255.5655831565 20683
25227.7165256952 16948
24591.3189940101 23477
34294.1044536835 26346
28292.251428383 23828
24087.6437763141 28405
24670.5846850914 19924
32249.0588921551 34684
41885.5030283437 45542
21376.2624892191 25257
17568.9525181707 17654
19834.3324974575 18028
14260.3620817777 17679
22346.1326742479 20518
16394.3466583068 16817
13857.988610193 17478
17222.623727615 19497
33843.4857082697 33373
36833.9092801709 35634
39781.8605822933 43184
32195.6716241027 41993
27135.2454346383 32026
29111.9532024815 24850
30551.1998703878 45486
21533.5284908361 29463
24889.6545839986 23000
19619.871401637 26635
17865.3560238755 41726
29297.4102335984 44632
28004.5728924098 32320
27322.6935559143 27629
39707.0698298895 49001
19047.1801156904 15930
18191.7318942447 15311
21638.1992135034 21367
21713.5494675392 19748
20996.9806556685 14459
24557.3038102718 21489
22484.6627235711 15419
19559.4845657999 12762
22619.6901541755 17457
26135.0073482955 17006
29763.2002736112 15433
26262.9705339917 21899
35079.1557499847 30301
25564.629147383 17186
21730.4431565768 18910
22015.4457367415 21148
20294.9797956432 16561
22941.655273825 18179
16792.4289686511 13562
30123.1445837436 20409
28679.8924153986 31800
23297.9736958349 14677
13880.3926101384 11273
28937.3455213663 26595
9380.1042499363 13895
15205.7660102913 11055
27757.2506112064 31223
35018.5510257834 35153
20785.0548914122 22416
39232.0348687895 45602
36226.7596851202 49973
39912.1564183113 43277
35480.6518678839 40389
42224.8130595842 51160
24210.8092992863 17389
39789.3262595964 19305
28877.2582644073 26812
27293.5501726917 31479
24070.4698282611 17975
27728.8056472936 24340
22186.6366947227 26063
28324.4603074604 23207
24069.0667842708 20203
22979.9962181235 18954
19572.5855824285 19492
28440.3323461167 31041
30173.7656441313 27623
21674.0137660949 27631
19388.1909814684 26967
30675.3332428408 19389
24833.8543706624 20419
25848.5735359843 18369
25235.672908653 16997
29841.8236812667 31596
19410.9819708481 22180
32739.9069034632 27217
24993.5068239998 14332
32474.9353141631 23564
17389.0163029272 21026
34641.0361208027 21823
23730.9516874206 27972
35616.0411313379 28661
33935.9354687894 28843
27464.1100465246 29516
25420.9249108904 27435
29593.8416201195 11511
27048.0332629072 21832
50585.0078372271 43648
34885.5164095057 35823
39721.9077002021 37502
39543.4109097183 58765
16476.6284078291 15765
18341.2966370365 13729
22547.6570745375 13287
21186.414798006 15414
23998.6454913057 20852
24154.2634647749 22677
34246.5579132686 31976
16581.414461999 27884
40978.5407855212 21661
40239.1605504608 59659
29605.3611344785 34867
30084.3760787752 33275
41932.1333232689 38491
29325.516683416 38495
30364.5954440915 41599
35072.5044576556 37181
34780.83848081 34631
47408.1235348277 43734
45762.0298317911 48846
34789.2622639269 31526
40235.5950437248 46276
53173.4822471361 48876
47117.7641026511 48417
53511.8511687901 38021
51336.771825272 41778
66231.9028402645 47442
70251.5941257325 76489
72773.992338451 56931
36273.8938981786 40081
32624.6790958976 37105
42889.0558216492 40558
27576.8158847685 27427
26883.0646038712 23248
33461.7648853108 28546
51314.250053678 50898
50316.4744488828 33941
30051.9151730795 29242
31369.39421652 26328
47887.6344472672 67714
75367.0296131437 65552
82334.7144188195 80038
77505.9326588002 63530
86733.6166569528 77559
83381.0426184715 78676
41666.5499132786 46627
52044.6815519607 62664
37467.3234938768 39534
56256.3997142394 53203
46527.6053901804 52335
30755.7557745911 37708
55829.5406015465 49829
49340.1321322758 63721
92412.6520491632 101482
87361.4233013227 103035
89710.8147575331 106776
60452.3343036709 59509
26311.6645594113 38101
46016.3696613043 56271
51701.9640447996 55748
48031.3340436645 53942
48573.0220613472 53900
44792.6199701919 50094
35756.9843807813 50682
93647.6564857965 93872
86256.6878144594 73388
88180.3475125538 96792
89200.4168920262 81306
43523.6007424397 42777
34432.1700263047 37745
24661.8211607825 29595
30652.2231200939 37433
39642.9166816249 21035
31636.536038947 29738
13486.5807526215 19786
26976.7812619451 28927
16465.9155172709 19311
31219.8838901336 26611
35219.3729700009 29395
19385.618214925 21662
20886.0609550875 24660
27774.3363288579 20818
22932.7117467097 19755
26543.2174176598 17750
17253.0898052175 14947
24066.1182101332 19782
21825.5882265346 20659
31479.405019016 25317
16388.0416271505 14489
21048.7521376518 11522
44636.9245849504 31045
51235.0908393939 30204
23896.9612677185 17679
55712.9319610311 43728
35079.4910846622 13390
16922.831163083 16075
21539.4796484912 33051
26279.9031127361 18362
30205.4659981315 28577
46598.8513297353 35875
28410.9488916169 20296
34133.6252187896 33031
21671.72796079 13587
13348.701217846 17838
18432.0345551711 17196
40184.3705676871 32328
19866.3715959087 23776
17828.7354840928 14941
34420.1239566591 53026
25307.8715073437 30051
37855.1959824835 43642
73680.440023451 75203
44785.9090242581 34810
24835.9597755403 39351
57570.8510411851 59290
20435.1885068975 29850
72113.5054265119 54613
82310.8515954466 102745
86462.96841645 74728
45215.4299775348 43198
57268.3664025742 60193
63122.6073091216 71014
72134.8550567408 78641
48642.0020881126 52291
26218.328431639 49509
41536.8079050275 47002
27686.4623096039 35278
36862.9917169339 41802
23227.6924217995 30666
19642.4830142705 19837
22484.4741015077 29626
24620.3717604367 25304
14552.4708350154 28040
14542.6143967656 21268
16332.4717598193 15681
16893.7786107275 16869
18081.884475043 25186
19282.5732787546 25133
15204.2399781065 22092
16298.5828975911 15211
21775.5679523457 15900
15529.4798659047 30709
13414.6208102132 24692
10370.6197225699 16050
17519.642797954 20770
12675.4099444236 18377
17427.5747640682 18843
12228.5761165883 21736
14226.6131720299 21748
17215.4876063222 13027
12022.4142048621 15515
21342.8008786694 18646
13945.3163059454 15075
21436.2607410969 17619
15745.708609829 15902
18353.3671509794 19290
17612.043830358 32440
21787.1243492349 35513
46318.3371915015 59675
39318.5551103764 38851
57693.3147749361 62927
62956.4024797662 76782
51852.8973674366 39224
20727.2250755436 21427
14460.2863678718 16672
17467.9080666042 14182
20949.004290922 12849
18604.1970053261 14049
17180.679821772 16319
65452.3914186849 62253
83883.4925438483 83257
95183.9773415808 129353
108643.460334875 114160
39740.1748644065 54391
47334.8115898846 85089
58274.2842650313 55962
45450.9244756426 68441
31781.4342385333 45132
45185.3663438475 59535
22255.7021135866 34151
50386.1762721733 59162
40487.5940308545 42165
25214.5947868581 26202
16178.7846856281 15525
17432.0786037978 23343
16748.4010889041 18257
26150.5940038588 39349
29118.7729691581 26269
37010.7917960123 31103
44208.898503472 38279
19164.4231378139 32491
31381.2373734063 21248
35006.7963054921 28705
49106.8673381892 37395
21603.362183506 28264
39150.1950677658 27678
20376.9089747633 28737
16086.8701168106 16913
9836.51410754812 15515
29260.2556653358 17801
12552.7965253048 12481
17556.9107868501 13970
10891.2726124499 15421
35796.3715874412 26486
8280.18800412333 13691
12087.9885149254 13351
15360.2759926246 13473
12882.5389711115 11456
25740.9960649806 16468
28819.3558307721 16296
23149.9224667934 15058
19790.5666484081 19207
59136.2119079935 39549
28235.2682678515 18077
27059.1016147731 20631
22352.8367735352 18851
21827.3203893846 12749
20642.9373881763 16530
24019.864141424 18369
16381.8063443523 20453
27210.7140675981 14000
12970.307324001 8949
11755.4284181804 12337
19381.4307875815 11647
20260.5781489134 15692
12315.5637855124 12645
11984.1974134289 11770
21254.3336811744 8596
13560.1351956186 11541
14173.719823201 11461
13869.1777592941 11234
20379.4851381649 13662
14203.916621176 12299
22446.5287844646 10372
13326.6823745999 9492
15113.3318006339 10026
18104.05727359 11488
14648.3102043897 13752
16172.6444140933 11452
20021.8616433604 13958
19306.3769756681 12341
13294.5460928628 12822
20184.4167918428 8462
19671.3465663172 10577
15078.4930408044 12991
17453.6244525596 8533
15226.712696428 52475
19464.179455571 12606
12642.9874611567 13332
28014.01099256 19962
21000.3313303617 8061
14972.091917933 17302
11671.0832058765 10559
14340.7758794782 11737
32873.9196073024 37487
39158.270071348 42149
26342.6280884939 4402
54483.331426243 55015
48774.2251548641 42548
59824.1143537548 57900
28214.7333131346 54474
16108.0459526185 19010
22271.0455709644 11313
19891.8038641952 13795
12790.6446164509 10682
14512.9499542447 13915
12169.4280443224 20574
19008.3011568432 12052
17166.8927499749 16114
15453.069718473 18062
21654.1443486072 26023
22652.3004443925 10559
22956.6238469485 12768
30916.3333886153 16781
18703.9820184743 10127
13845.1942806455 12328
12053.1707242712 7166
24248.0881290611 11128
18732.0890017045 8236
25728.0353345998 10104
29311.4967143954 28533
18984.9809906154 14207
15118.9058412976 11872
11722.0933315715 10767
12881.8326364101 11939
16015.2917705932 13111
22415.18897408 12670
15874.7336331061 13610
21762.7172712256 10200
25170.5174046955 12007
57747.3878855809 86251
23054.2738143266 25210
19274.9890052364 23021
19705.84742303 19915
24132.3454344881 15512
18702.1200401201 15690
17477.6349019343 12777
21649.0574671579 17471
16284.1557047732 21234
26189.3746097912 21169
55880.8429721593 47057
33116.8217792869 54499
23601.2516038724 18099
23063.3179564176 23429
18016.3635158313 17358
24564.4052012372 21290
19390.7545147969 16495
19032.5488094409 21610
23915.7149621245 17068
26497.3137568576 26420
28337.1340733517 18703
16124.0349489996 11685
20021.3237722207 10344
17222.8808633007 11249
13959.9971045325 17769
18903.2521189954 15294
18811.9936825155 13185
23341.2408884267 15861
22847.9130924576 18487
15804.5314015379 15660
21317.5992514429 21546
20659.4334270566 27904
17512.0374420337 24106
23628.7541112131 16255
30412.3369561856 23326
51939.2494357027 46477
21887.3089671038 24461
17705.3884423547 15594
34497.6312928063 21641
16741.7619292951 12591
14347.5960493411 13666
11702.5107131581 14906
15384.9025107896 14322
26293.4860586082 12051
21797.3828009324 14127
47442.03007612 48591
56403.3907952524 71843
40976.2597300077 51007
32295.1270107712 56344
44415.5667781166 44351
57990.9480437458 46095
27274.6683122971 65484
42228.4015718477 65896
32322.3200290184 69208
50540.7270512422 65128
28931.1976451394 58736
29192.044686905 45989
30611.5417476212 45804
58934.1764197069 57373
32463.8284703362 66667
40580.8347168307 60186
25823.8474567375 36550
43809.2245716887 43454
26210.9907545732 38958
47179.2112439383 58594
34681.6616891753 44246
48748.1104611666 42685
40279.5421792499 35979
29928.4344917476 37455
26163.6248772579 35219
18353.2671163226 21853
12815.6713196967 14158
12028.1473472058 12999
32237.5481779027 21962
21996.6058296035 17792
20208.6700970026 16343
18336.0675699421 16766
21893.2582137366 19778
40852.5763512646 25179
21128.3913453761 23808
12737.7307438651 17309
15902.1478236229 13751
14313.6222526173 15814
16008.2434618764 15302
18589.2296178308 14142
31995.0541933514 34647
24649.2648442959 22113
12593.5027097997 13548
19023.3450080294 10734
15741.2347725746 17111
20696.8838750028 17682
25854.6835187205 36008
15968.0357906978 13452
13778.1861956575 11514
17021.1491729949 15247
15497.0399405377 13055
17132.3981324307 12412
14059.2967962685 11182
18543.777803383 12502
24203.0362548967 16872
17526.4666939149 20176
13771.4868196773 13696
20279.0517243758 16114
17424.0575403494 11978
13850.4303571944 13820
17342.3561254782 8548
25270.6353404512 10041
15798.8785800152 6062
15172.42264602 18361
15540.9887418969 13896
18615.9068983923 16047
22798.1917791807 13980
11760.2670136552 12620
10719.7781383241 11907
25463.182521696 4238
23571.3278257976 14435
12934.3046054613 11636
15642.5995596764 13892
17374.286536543 10733
16645.5884320997 10723
21315.5167770522 12165
26249.6839118669 10971
13667.7974870948 11334
20268.2147462831 6847
13990.7478298596 10127
27664.8732935459 23328
12619.7536786783 9649
16501.3407153243 9151
15893.0218364894 8986
17676.1576753327 7578
12313.3608123893 8648
10240.8258165785 8612
15987.6136419688 10103
13734.0651734663 9229
12745.187650768 9771
9159.2864217949 9004
15338.6998221089 10071
15013.8319901644 10246
11687.5695523611 9652
10216.4615071254 8552
10879.012677666 9133
9954.19582725442 10084
17880.3216622539 8173
12639.1205557535 7440
11315.4031848243 10928
10650.6867404407 10880
9549.6111290546 7527
9530.77617386601 8978
10487.387634778 9865
17344.6343781161 10167
12064.9584469131 11753
11332.6612862099 9801
18295.1821109028 11762
18727.6623953868 12170
20490.8568833499 17117
12882.3947964599 12411
13604.8444857388 8068
11157.4225267103 11682
9260.17742757908 9788
13060.9806621393 9895
11512.5584454807 10644
10026.712533554 9771
14903.4009572034 13429
15088.2175394511 14190
14522.1620329129 12238
13656.0176599097 13719
15266.4409810132 12644
10671.8397439177 10623
14905.5534722971 9996
31453.5157420783 21937
39965.6911680506 32864
29712.3768673897 24535
29904.4654693032 17542
18062.6566240187 19983
23011.3687336774 19029
15743.0120004518 20491
19610.9834448606 19179
12621.007176599 10547
16274.9683303731 18343
25001.2309165833 30210
14231.7937245169 20832
14095.7600430215 15480
33499.0913809952 41956
26397.7057504918 21518
15291.9166428034 13221
19196.9825600628 16461
19153.3022240234 13218
36329.0895813894 32731
12994.9754921475 10943
11009.759708886 11932
12137.5080997858 11705
19077.5793472854 13445
14881.0433126035 17321
16295.4812503343 12483
15553.1351455682 13880
10306.4157326273 12900
9661.67533742294 12832
10702.191757702 13705
10567.2786078805 9740
17054.8716603248 14849
20120.7263096271 19477
24461.4538542595 23842
21421.1860795555 21077
18047.3419521543 16643
8775.9680029446 9436
11143.9942548472 10469
26772.0995491279 21318
9690.2908805511 9311
13815.0995686363 9996
10018.5873674759 11462
9981.52759353674 10993
14587.2581030534 10782
14692.2607535947 11126
13167.7563149571 10494
11874.8419489932 8591
13286.1974486421 9689
9041.42273008561 7617
10611.4714873618 10630
13149.2799523817 9334
16539.8971806389 10622
18567.5537293714 9200
15924.1929419631 11966
8139.60593922014 9593
14297.5178536786 12815
8967.95360045555 13871
13065.9629532835 10500
8574.71516733812 9556
11605.3743555595 11348
17728.2649925376 11868
11428.5178138281 9974
13240.6417014295 9920
11334.5720889692 11494
20843.4943587221 10757
8649.41289510198 9481
8755.01170180122 9282
15649.0346532582 12998
21686.8051479031 12750
16965.9605736975 16128
9981.76342612842 10989
12866.9076947332 11559
16326.526529962 5524
14028.182385943 10563
13423.2916832677 10999
12274.7456258562 6228
12518.9130236402 9922
10121.1448395178 9754
11730.8719442982 8891
95884.1503527089 105391
96674.6285185924 123121
92397.1162655903 105383
109144.984359353 135585
87175.7335385226 103262
83233.1138490943 87611
83203.5762530964 106142
112960.211700351 159776
92190.169406463 141910
91594.4360335366 112682
83469.6053218186 128959
88439.5295010322 100401
81878.1275132529 90872
69586.2217888879 104056
111744.78580695 134433
100362.763411275 135104
61072.2848546298 71471
37528.5307643532 78448
42221.566701026 68438
85293.2284437577 73687
113786.563158563 123913
87293.6995851943 59555
80970.3586864792 71203
33717.4702181579 4676
23524.2999965317 11658
31770.4841920653 9792
33249.5212123014 22976
67231.9794101329 75504
68436.3759516315 98523
61629.0157419693 57420
43245.6459211624 62351
49270.7574429621 63464
74953.6672598399 98329
78659.0120865878 73054
53375.6938464218 55015
52973.3383791117 55932
27426.7400427335 34737
34553.4585383708 52366
21853.3352823095 45360
29677.2748356494 51753
29284.5789996972 34979
25668.8193598484 42689
29666.6605628965 40299
33365.0072469947 54102
51471.9727245622 50797
93688.2691125283 123397
63512.5142172476 63897
83103.5566677443 86164
47825.0301650138 47062
83251.142392109 80958
90475.2396382884 72903
18738.6906082808 21415
34531.3196717626 25035
37938.5159458412 32622
36392.3605924418 28498
25930.5225545367 30929
25680.5114563225 33887
41447.1841816918 38954
28331.4035487407 35195
33477.9792649337 36679
22737.4421663078 22564
21543.0515788656 34514
48897.0900219608 42564
31035.2491650475 34845
44388.3985698488 40670
53605.0886295137 55199
53614.1497443754 49468
63577.461358772 42352
57414.6025111246 45600
39309.9274159192 29950
39482.9970329048 39742
41790.3140542676 27294
36680.9921871179 40624
41627.1758919351 43967
50370.5208801989 43652
20311.3767079565 36299
36139.6703779792 31561
43883.6711134333 44075
24521.7774544998 29097
49977.8381679137 57397
28254.5690546484 58656
32771.2387691122 49598
49556.1938704979 63482
39197.8917395681 54995
42096.7459088665 88458
42915.9875126682 57538
43266.0588834918 57498
87840.3656755406 108784
34604.1056793694 73644
90510.9350415279 103383
21065.4319551978 35931
24394.4400923369 20586
31010.4137552843 25407
32354.1066956275 56857
29052.5986865344 41280
33236.5440460608 63281
21740.1654184551 21343
33839.9856327796 64443
27833.4696500715 37004
36133.414469971 50782
25674.0055976082 34564
57907.9963315404 53847
42277.1851168485 20602
49561.466584563 70920
42230.6897274787 58027
32206.3080381436 44373
56684.9528710034 58407
26229.3930671222 36961
17155.3832369573 25405
12903.2647268945 18808
40088.2730455765 36176
73141.5910764767 86856
19097.7142043289 20321
16992.448665655 12891
17369.4283593944 16736
12356.193302348 19132
17233.0883901509 18452
21614.1862874286 32253
22046.8994832271 15356
14450.7151072892 23911
15328.3492582645 15712
21466.1397039088 29145
18573.9421259863 25549
13475.6499400537 19281
44767.8452953585 33132
13677.0831687787 18862
16174.8990800102 19015
16925.22529728 12437
15628.6463064787 21024
14960.5198001954 23986
13169.0469259533 13808
18705.1152688324 19246
14612.9426552775 16588
13311.5673621373 11138
14673.2943832278 16367
20483.6841249308 13958
13755.8417533335 16019
14334.0185881965 12012
10135.0924611181 9396
14633.4999730521 9698
10070.8291096684 11445
10423.9736602031 11136
25616.1539949573 43548
14785.8370196167 13309
17729.2015637792 16861
34177.3668609121 38674
43342.5063100146 33015
22659.682925307 31934
11619.2647179153 15092
15004.2957361111 16675
20080.0997943858 19269
15236.1835725032 27108
35885.62414321 43214
14593.6129722898 16225
17242.2072265213 15694
13777.0091457846 23948
15583.4815227719 28260
34687.6207858956 32819
46985.473778521 54659
34665.9670864749 40395
38608.5236377282 42723
17477.2681502358 36949
62302.3399470419 75961
16044.3323096689 10665
29724.340570972 11603
21679.1013236074 18857
29579.8468020614 15475
83608.0751655906 47851
57100.2713890699 58250
26478.5055193517 9339
