06037107020
06037191420
06037211802
06037269700
06037101110
06037101122
06037101210
06037101220
06037101300
06037101400
06037102103
06037102104
06037102105
06037102107
06037103101
06037103102
06037103200
06037103300
06037103400
06037104103
06037104105
06037104108
06037104124
06037104201
06037104203
06037104204
06037104310
06037104320
06037104401
06037104403
06037104404
06037104500
06037104610
06037104620
06037104701
06037104703
06037104704
06037104810
06037104821
06037104822
06037106010
06037106020
06037106111
06037106112
06037106113
06037106114
06037106403
06037106405
06037106406
06037106407
06037106408
06037106510
06037106520
06037106603
06037106604
06037106641
06037106642
06037106643
06037106645
06037106646
06037106648
06037106649
06037107010
06037108101
06037108102
06037108103
06037108104
06037108201
06037108202
06037109100
06037109200
06037109300
06037109400
06037109500
06037109601
06037109603
06037109604
06037109700
06037109800
06037111100
06037111201
06037111202
06037111204
06037111205
06037111206
06037111301
06037111302
06037111400
06037113101
06037113102
06037113211
06037113212
06037113213
06037113231
06037113232
06037113233
06037113234
06037113237
06037113301
06037113303
06037113321
06037113322
06037113401
06037113421
06037113422
06037115101
06037115103
06037115104
06037115201
06037115202
06037115301
06037115302
06037115401
06037115403
06037115404
06037117101
06037117102
06037117201
06037117202
06037117301
06037117302
06037117303
06037117404
06037117405
06037117407
06037117408
06037117510
06037117520
06037117530
06037119001
06037119002
06037119201
06037119202
06037119310
06037119320
06037119340
06037119341
06037119342
06037119400
06037119700
06037119800
06037119900
06037120010
06037120020
06037120030
06037120103
06037120104
06037120105
06037120106
06037120107
06037120108
06037120300
06037120400
06037121010
06037121020
06037121101
06037121102
06037121210
06037121221
06037121222
06037121600
06037121801
06037121802
06037121900
06037122000
06037122120
06037122121
06037122122
06037122200
06037122410
06037122420
06037123010
06037123020
06037123103
06037123104
06037123203
06037123204
06037123205
06037123206
06037123301
06037123303
06037123304
06037123410
06037123420
06037123510
06037123520
06037123601
06037123602
06037123700
06037123800
06037123901
06037123902
06037124000
06037124102
06037124103
06037124104
06037124105
06037124201
06037124203
06037124204
06037124300
06037124400
06037124500
06037124600
06037124700
06037124902
06037124903
06037125100
06037125200
06037125310
06037125320
06037125401
06037125402
06037125501
06037125502
06037125600
06037127102
06037127103
06037127104
06037127210
06037127220
06037127300
06037127400
06037127520
06037127603
06037127604
06037127605
06037127606
06037127711
06037127712
06037127803
06037127804
06037127805
06037127806
06037127910
06037127920
06037128101
06037128102
06037128210
06037128220
06037128302
06037128303
06037128400
06037128500
06037128601
06037128602
06037128702
06037128801
06037128802
06037128910
06037131010
06037131020
06037131100
06037131200
06037131300
06037131400
06037131600
06037131701
06037131702
06037131800
06037131900
06037132001
06037132002
06037132101
06037132102
06037132300
06037132501
06037132502
06037132700
06037132900
06037133000
06037133100
06037134001
06037134002
06037134101
06037134103
06037134104
06037134201
06037134302
06037134303
06037134304
06037134305
06037134306
06037134421
06037134422
06037134423
06037134424
06037134520
06037134521
06037134522
06037134710
06037134720
06037134800
06037134901
06037134903
06037134904
06037134905
06037135102
06037135111
06037135113
06037135114
06037135201
06037135202
06037135203
06037137103
06037137104
06037137201
06037137301
06037137302
06037137401
06037137402
06037137501
06037137502
06037137504
06037138000
06037139001
06037139200
06037139301
06037139302
06037139303
06037139401
06037139402
06037139502
06037139503
06037139504
06037139600
06037139701
06037139702
06037139703
06037139801
06037139802
06037141101
06037141102
06037141201
06037141202
06037141302
06037141303
06037141304
06037141400
06037141500
06037141600
06037141700
06037143100
06037143200
06037143300
06037143400
06037143500
06037143602
06037143603
06037143604
06037143700
06037143800
06037143901
06037143902
06037181000
06037181300
06037181400
06037181500
06037181600
06037183101
06037183103
06037183104
06037183220
06037183221
06037183222
06037183300
06037183401
06037183402
06037183510
06037183520
06037183610
06037183620
06037183701
06037183702
06037183810
06037183820
06037185100
06037185202
06037185203
06037185204
06037185310
06037185320
06037186100
06037186201
06037186202
06037186203
06037186301
06037186302
06037186401
06037186403
06037186404
06037187101
06037187102
06037187200
06037187300
06037188100
06037188201
06037188202
06037188300
06037189101
06037189102
06037189201
06037189202
06037189300
06037189400
06037189500
06037189600
06037189701
06037189702
06037189800
06037189902
06037189903
06037189904
06037189905
06037190100
06037190201
06037190202
06037190301
06037190401
06037190402
06037190510
06037190520
06037190700
06037190801
06037190802
06037190901
06037190902
06037191000
06037191110
06037191120
06037191201
06037191203
06037191204
06037191301
06037191302
06037191410
06037191500
06037191610
06037191620
06037191710
06037191720
06037191810
06037191820
06037191901
06037191902
06037192001
06037192002
06037192300
06037192410
06037192420
06037192510
06037192520
06037192610
06037192620
06037192700
06037194101
06037194102
06037194200
06037194300
06037194401
06037194402
06037194500
06037195100
06037195201
06037195202
06037195300
06037195400
06037195500
06037195600
06037195710
06037195720
06037195802
06037195803
06037195804
06037195901
06037195902
06037195903
06037197200
06037197300
06037197410
06037197420
06037197500
06037197600
06037197700
06037199000
06037199110
06037199120
06037199201
06037199202
06037199300
06037199400
06037199700
06037199800
06037199900
06037201110
06037201120
06037201200
06037201301
06037201302
06037201401
06037201402
06037201501
06037201503
06037201504
06037201601
06037201602
06037201700
06037203100
06037203200
06037203300
06037203500
06037203600
06037203710
06037203720
06037203800
06037203900
06037204110
06037204120
06037204200
06037204300
06037204410
06037204420
06037204600
06037204700
06037204810
06037204820
06037204910
06037204920
06037205110
06037205120
06037206010
06037206020
06037206031
06037206032
06037206050
06037206200
06037206300
06037207101
06037207102
06037207103
06037207301
06037207302
06037207400
06037207501
06037207502
06037207710
06037207900
06037208000
06037208301
06037208302
06037208401
06037208402
06037208501
06037208502
06037208610
06037208620
06037208710
06037208720
06037208801
06037208802
06037208902
06037208903
06037208904
06037209102
06037209103
06037209104
06037209200
06037209300
06037209401
06037209402
06037209403
06037209510
06037209520
06037209810
06037209820
06037210010
06037211000
06037211120
06037211121
06037211122
06037211201
06037211202
06037211310
06037211320
06037211410
06037211420
06037211500
06037211701
06037211703
06037211704
06037211803
06037211804
06037211910
06037211921
06037211922
06037212101
06037212102
06037212202
06037212203
06037212204
06037212303
06037212304
06037212305
06037212306
06037212410
06037212420
06037212501
06037212502
06037212610
06037212620
06037212701
06037212702
06037212800
06037212900
06037213100
06037213201
06037213202
06037213310
06037213320
06037213401
06037213402
06037214000
06037214100
06037214400
06037214501
06037214502
06037214503
06037214600
06037214700
06037214800
06037214901
06037214902
06037215101
06037215102
06037216100
06037216200
06037216300
06037216401
06037216402
06037216700
06037216800
06037216900
06037217001
06037217002
06037217100
06037217200
06037218110
06037218120
06037218210
06037218220
06037218300
06037218400
06037218500
06037218600
06037218701
06037218702
06037218800
06037218900
06037219010
06037219020
06037219300
06037219500
06037219700
06037219800
06037219901
06037219902
06037220000
06037220100
06037221110
06037221120
06037221210
06037221220
06037221302
06037221303
06037221304
06037221401
06037221402
06037221500
06037221601
06037221602
06037221710
06037221810
06037221820
06037221900
06037222001
06037222002
06037222100
06037222200
06037222500
06037222600
06037222700
06037224010
06037224020
06037224200
06037224310
06037224320
06037224410
06037224420
06037224600
06037224700
06037226001
06037226002
06037226410
06037226420
06037226700
06037227010
06037227020
06037228100
06037228210
06037228220
06037228310
06037228320
06037228410
06037228420
06037228500
06037228600
06037228710
06037228720
06037228800
06037228900
06037229100
06037229200
06037229300
06037229410
06037229420
06037231100
06037231210
06037231220
06037231300
06037231400
06037231500
06037231600
06037231710
06037231720
06037231800
06037231900
06037232110
06037232120
06037232200
06037232300
06037232400
06037232500
06037232600
06037232700
06037232800
06037234000
06037234200
06037234300
06037234501
06037234502
06037234600
06037234700
06037234800
06037234901
06037234902
06037235100
06037235201
06037235202
06037236000
06037236100
06037236202
06037236203
06037236204
06037236400
06037237101
06037237102
06037237201
06037237202
06037237300
06037237401
06037237402
06037237500
06037237600
06037237710
06037237720
06037237800
06037237900
06037238000
06037238100
06037238200
06037238310
06037238320
06037238400
06037239201
06037239202
06037239310
06037239320
06037239330
06037239501
06037239502
06037239601
06037239602
06037239701
06037239702
06037239801
06037239802
06037240010
06037240020
06037240200
06037240300
06037240401
06037240402
06037240500
06037240600
06037240700
06037240800
06037240900
06037241001
06037241002
06037241110
06037241120
06037241201
06037241202
06037241300
06037241400
06037242000
06037242100
06037242200
06037242300
06037242600
06037242700
06037243000
06037243100
06037261101
06037261102
06037261200
06037262100
06037262200
06037262301
06037262302
06037262303
06037262400
06037262501
06037262601
06037262604
06037262704
06037262706
06037262802
06037264000
06037264102
06037264103
06037264301
06037264302
06037265100
06037265201
06037265202
06037265301
06037265303
06037265304
06037265305
06037265410
06037265420
06037265510
06037265520
06037265601
06037265602
06037265700
06037267100
06037267200
06037267300
06037267402
06037267403
06037267404
06037267501
06037267502
06037267600
06037267700
06037267800
06037267901
06037267902
06037269000
06037269100
06037269300
06037269500
06037269601
06037269602
06037269800
06037269903
06037269904
06037269905
06037269906
06037269907
06037270100
06037270200
06037270300
06037271100
06037271200
06037271300
06037271400
06037271500
06037271600
06037271701
06037271702
06037271801
06037271802
06037271901
06037271902
06037272100
06037272201
06037272202
06037272301
06037272302
06037273100
06037273200
06037273300
06037273402
06037273502
06037273600
06037273700
06037273800
06037273902
06037274100
06037274202
06037275101
06037275102
06037275200
06037275302
06037275311
06037275400
06037275500
06037275602
06037275603
06037276000
06037276100
06037276400
06037276500
06037276601
06037276603
06037276604
06037277000
06037277100
06037277200
06037277400
06037278001
06037278102
06037291110
06037291120
06037291130
06037291210
06037291220
06037291300
06037292000
06037293201
06037293202
06037293301
06037293302
06037293304
06037293306
06037293307
06037294110
06037294120
06037294200
06037294301
06037294302
06037294410
06037294421
06037294510
06037294520
06037294610
06037294620
06037294701
06037294810
06037294820
06037294830
06037294900
06037295103
06037296210
06037296220
06037296300
06037296401
06037296402
06037296500
06037296600
06037296901
06037296902
06037297000
06037297110
06037297120
06037297201
06037297202
06037297300
06037297400
06037297500
06037297601
06037297602
06037800204
06037980008
06037980010
06037980014
06037980015
06037980019
06037980024
06037980031